Torque
48.6
40.3
51.0
62.3
54.5
38.3
22.6
28.8
42.7
23.6
55.2
17.8
48.8
41.4
34.8
25.6
39.1
53.7
38.0
31.8
37.9
44.2
48.2
61.5
52.1
30.4
45.3
54.8
34.9
39.9
47.5
44.5
68.6
27.5
27.0
36.9
23.7
62.7
37.9
38.3
46.2
36.8
38.4
53.6
42.5
47.6
42.6
31.4
11.4
27.3
31.1
20.6
35.9
31.3
56.0
33.2
55.6
34.8
39.9
44.9
37.0
37.8
18.9
20.7
49.8
37.6
43.4
39.9
28.3
30.5
46.5
35.2
49.7
21.6
37.6
46.9
38.0
32.6
45.9
31.6
55.1
50.5
33.7
21.5
46.1
30.2
35.5
45.5
27.3
28.2
26.3
46.1
48.1
43.2
31.1
27.8
47.6
39.6
42.0
33.7
39.5
41.3
32.1
56.0
56.5
52.5
28.0
36.8
27.5
42.8
30.7
53.9
33.4
65.8
52.9
18.9
54.1
38.3
31.4
50.8
52.5
37.3
39.3
44.4
24.0
38.7
36.3
31.8
62.1
42.1
27.9
36.0
43.5
54.5
29.9
34.2
52.4
40.8
51.6
31.0
35.0
24.9
25.6
35.6
53.9
35.3
35.7
42.5
34.9
44.5
37.5
44.7
35.8
41.9
44.0
57.8
47.7
68.6
22.9
49.7
38.5
46.7
45.9
37.9
17.9
49.4
40.4
43.2
40.3
38.2
26.6
31.5
41.0
18.6
28.5
41.7
26.8
38.8
48.0
40.7
23.7
27.6
20.3
33.7
43.6
41.3
50.4
19.0
40.2
15.5
30.3
33.2
56.2
43.2
27.3
25.3
34.0
38.3
27.9
48.1
40.5
53.1
48.2
45.9
28.4
44.4
53.5
56.7
51.1
28.7
49.1
46.9
26.8
31.3
32.0
45.4
29.0
47.1
16.8
36.1
35.0
22.6
35.0
14.7
38.8
42.9
55.8
34.3
54.2
30.7
54.2
34.9
36.8
34.8
38.8
41.5
28.2
49.9
37.6
43.1
13.8
36.8
44.0
42.8
42.7
22.7
36.9
19.8
44.3
54.0
42.1
49.3
28.8
42.8
59.1
31.4
46.4
34.8
35.1
35.9
31.1
55.9
35.2
44.1
46.5
53.1
41.9
33.4
29.1
35.6
41.0
46.1
28.0
42.7
38.2
30.8
30.0
51.2
41.0
42.0
30.4
46.9
37.2
25.9
21.9
38.4
32.0
23.7
23.4
37.6
43.9
33.8
51.9
41.7
39.2
15.8
35.9
44.5
35.9
35.9
28.0
48.5
50.5
52.6
45.5
46.0
38.6
39.5
32.4
57.2
46.0
39.8
27.7
42.9
25.3
40.5
51.0
41.2
45.4
26.8
33.3
41.5
39.7
42.7
32.5
41.5
43.5
57.4
53.6
28.3
21.5
44.3
33.8
43.1
28.4
31.4
36.4
48.0
19.4
32.7
21.8
39.1
34.6
36.8
53.3
43.4
29.8
36.6
40.6
53.7
53.9
33.6
35.2
56.8
24.9
36.9
27.7
41.5
41.3
32.3
42.7
38.2
45.4
41.0
42.5
41.7
54.6
35.7
34.1
32.0
33.4
36.5
38.8
32.5
43.5
30.9
30.0
31.8
36.1
53.0
26.5
59.5
31.3
26.0
47.5
34.8
28.1
29.6
44.2
47.7
46.9
44.0
39.7
24.4
33.4
40.1
42.8
45.9
24.7
51.6
30.3
39.2
45.1
37.9
43.5
28.7
31.6
37.1
26.2
47.3
52.0
57.4
44.7
51.1
43.4
51.9
38.5
48.8
42.0
45.8
28.7
27.7
45.0
48.4
41.2
30.0
38.1
46.7
42.9
49.3
51.0
36.1
55.4
30.5
28.5
45.1
35.1
43.4
62.9
59.8
31.1
47.0
35.9
25.4
24.3
41.6
58.9
36.8
39.9
46.5
32.4
39.2
37.6
20.2
46.3
31.2
44.8
36.3
42.9
40.4
26.3
33.3
50.7
36.7
49.2
44.1
39.6
40.2
31.7
40.2
37.5
28.8
52.8
37.6
37.2
52.1
17.8
43.0
49.9
43.5
21.6
49.3
47.3
37.5
36.7
33.9
34.1
38.1
45.8
37.8
36.7
40.8
47.4
62.1
56.1
32.8
36.2
47.7
48.4
45.4
18.7
52.1
31.8
48.3
27.4
54.0
47.4
45.1
42.7
36.6
40.4
41.4
52.1
41.4
46.1
35.4
16.5
26.0
44.8
23.8
47.6
57.3
45.4
39.0
49.1
30.6
40.1
35.3
52.8
23.1
36.8
25.0
47.2
31.0
16.8
44.4
54.6
35.8
67.0
39.0
31.2
45.3
54.8
54.9
30.8
19.0
64.8
64.0
44.2
36.7
21.8
30.4
32.8
41.4
38.0
43.4
48.1
44.0
43.0
41.2
55.9
51.4
20.2
36.3
46.2
47.5
37.1
42.8
34.9
45.0
42.5
37.2
59.5
58.0
21.6
36.1
37.7
44.8
38.2
54.1
31.8
23.9
18.5
40.0
38.2
34.5
51.8
23.8
27.8
29.6
30.8
46.9
37.9
45.5
51.3
17.7
36.9
49.1
35.0
42.8
65.3
39.2
44.8
35.6
27.8
34.5
56.8
33.7
55.5
55.1
47.2
47.2
50.3
55.5
30.8
44.3
25.2
35.0
49.8
45.5
39.8
30.9
50.0
50.9
30.9
39.8
37.9
47.3
20.2
40.3
41.5
33.2
36.4
35.8
38.0
45.9
50.3
32.6
26.1
37.0
41.2
54.8
52.1
47.3
41.0
41.2
56.9
36.3
34.4
46.7
53.3
38.4
30.6
55.8
51.5
33.0
42.9
41.9
27.1
53.2
42.1
24.6
51.8
27.6
54.2
37.2
48.5
39.0
23.0
62.0
34.3
28.2
47.4
30.9
42.5
24.1
41.1
30.8
37.0
43.6
25.1
23.5
44.5
29.7
42.4
39.9
45.7
34.5
45.1
31.1
43.8
33.2
37.8
41.8
52.3
23.9
39.9
31.3
37.9
36.3
42.2
49.0
29.9
40.4
29.9
19.1
54.0
30.8
44.0
46.8
60.6
40.9
30.9
27.1
23.2
29.8
22.0
34.5
40.2
23.0
35.5
31.0
44.8
34.6
53.9
44.3
38.2
50.8
36.5
34.2
31.3
43.1
54.2
60.5
50.0
46.3
37.1
45.8
31.5
42.5
35.6
45.7
27.0
42.9
35.5
48.3
32.7
37.1
43.1
44.4
47.0
47.0
29.1
52.4
44.7
25.7
60.5
48.4
35.8
63.7
44.2
41.3
35.6
26.2
38.2
20.7
43.5
34.6
60.9
41.8
40.4
44.3
40.1
22.6
38.7
49.6
43.1
36.8
40.5
31.3
32.4
35.7
49.9
53.2
27.8
63.0
58.2
57.2
39.4
37.6
40.1
42.9
43.7
27.7
37.5
37.8
36.0
28.4
35.5
37.0
46.5
44.0
40.4
41.2
47.7
38.5
29.1
48.6
45.2
26.1
42.2
34.4
30.8
44.1
60.3
42.6
43.1
19.7
32.8
49.6
49.6
46.5
37.7
41.0
22.1
19.6
26.9
30.0
38.1
40.7
42.6
33.4
29.9
40.1
37.3
24.2
44.3
65.3
50.7
39.7
47.6
31.6
15.8
40.7
42.6
41.4
53.4
64.1
30.8
47.1
15.9
47.7
43.4
32.4
32.5
34.5
37.3
29.8
43.7
32.5
15.4
41.8
42.6
41.1
24.6
30.3
51.3
31.9
35.2
39.2
38.5
44.0
42.5
50.1
46.5
34.6
38.2
51.1
43.4
40.9
23.7
49.4
35.4
41.3
29.8
43.2
35.0
45.2
46.6
32.0
42.6
32.3
29.9
40.7
50.0
49.4
30.8
37.1
20.5
48.3
42.9
31.0
55.4
38.3
46.0
46.5
43.0
33.1
40.4
35.9
49.1
49.9
35.5
46.7
43.6
45.0
49.1
31.7
34.4
44.1
32.6
47.6
31.3
26.8
44.6
31.9
33.2
46.8
59.1
28.0
47.7
39.2
34.4
25.9
39.9
35.2
52.4
62.0
35.7
40.1
46.5
43.2
43.7
30.5
29.5
35.2
51.2
35.2
43.9
23.0
36.0
41.4
42.5
23.7
55.4
33.8
55.3
45.9
46.6
46.0
34.3
33.3
54.1
25.0
36.0
50.0
21.9
34.4
35.3
38.1
34.2
55.3
39.4
39.0
30.0
39.2
36.7
44.0
28.4
45.4
44.1
61.9
25.5
45.9
41.3
37.6
37.8
49.6
45.1
27.1
26.3
50.7
51.0
42.4
34.3
40.6
52.7
32.4
42.9
55.3
47.0
38.7
43.0
61.7
38.2
40.0
69.1
48.5
34.7
23.6
48.3
25.1
30.5
48.2
35.3
48.7
40.4
28.1
45.8
49.2
36.1
43.0
49.0
36.3
45.8
46.8
36.2
53.2
36.4
37.3
54.0
37.7
45.2
40.9
36.3
33.9
23.6
52.9
52.7
52.7
36.7
39.7
21.4
24.8
47.6
24.2
35.0
38.8
46.8
42.4
19.7
42.4
25.1
29.5
43.3
41.2
28.8
30.3
35.6
35.0
46.3
41.4
50.3
46.9
37.3
35.1
45.1
38.0
34.2
39.6
31.9
50.0
14.6
31.2
40.7
31.6
48.7
32.8
53.5
18.2
37.5
44.5
19.9
29.6
52.4
46.5
31.7
31.6
34.0
30.1
37.8
65.9
26.0
34.1
31.5
34.0
44.5
29.2
42.0
44.9
42.4
51.1
59.1
34.0
35.2
51.3
47.7
41.4
32.2
46.6
37.5
37.3
41.6
44.1
46.6
26.2
35.9
38.1
45.2
43.3
32.8
58.5
36.9
31.3
26.4
23.3
22.7
47.2
37.9
37.6
37.4
27.2
38.7
53.9
21.7
49.2
46.4
33.1
24.5
60.8
49.8
21.6
57.5
34.3
17.3
22.5
23.9
53.6
33.0
48.6
51.0
22.8
35.0
40.1
37.7
61.4
34.1
54.3
39.7
51.2
41.7
50.2
55.0
35.7
62.5
54.1
34.4
31.4
15.0
35.8
53.5
29.0
46.0
34.6
34.7
46.1
50.8
49.3
48.9
47.1
39.9
27.3
44.9
40.1
36.3
40.4
37.0
34.9
46.2
48.4
44.6
43.2
36.8
37.5
44.6
46.9
32.2
27.0
31.3
40.3
42.4
38.9
30.7
56.7
34.2
64.0
53.6
33.1
25.1
41.7
42.6
33.5
48.8
35.2
37.7
37.3
38.2
39.4
65.7
49.0
35.0
32.8
32.2
43.4
47.9
37.1
27.9
34.4
41.2
35.3
45.9
53.0
41.0
36.6
41.9
54.8
35.5
31.9
25.0
28.3
58.1
51.4
23.9
41.5
41.7
30.7
37.7
32.9
47.1
38.9
48.8
40.0
31.4
45.5
42.9
38.5
36.4
34.2
48.6
38.1
37.3
36.4
39.8
35.2
31.1
43.4
43.9
41.1
42.9
36.6
31.0
43.9
44.2
49.3
28.3
34.7
54.1
48.6
56.7
28.8
31.2
26.5
30.0
32.2
18.7
60.4
27.8
35.6
27.9
28.4
28.3
35.0
48.5
27.0
36.2
30.1
50.2
30.7
39.5
42.0
40.6
5.6
46.5
43.0
51.9
41.6
50.0
24.8
46.2
21.8
28.8
46.8
42.9
39.0
49.6
36.0
35.6
45.2
28.1
19.7
44.2
32.7
19.3
49.4
43.5
34.8
39.7
41.6
25.8
21.4
45.4
52.8
39.2
27.2
47.0
46.8
43.2
39.4
42.9
45.5
47.3
47.8
37.0
47.4
43.2
20.9
50.6
28.9
39.9
38.3
35.7
34.6
51.6
45.5
45.4
34.1
28.2
59.5
44.4
30.8
32.9
35.0
42.8
33.7
45.7
51.4
48.1
53.2
43.9
51.4
37.6
32.3
32.8
47.6
20.9
20.3
35.8
35.5
43.4
29.2
31.8
35.1
38.0
53.5
13.4
33.6
51.5
39.8
33.2
58.4
20.9
29.8
53.5
39.0
41.1
52.8
53.3
41.4
33.8
47.0
42.0
41.6
41.6
24.4
29.8
48.1
49.8
60.7
47.2
44.7
32.9
34.1
51.3
46.6
36.7
52.6
43.4
41.1
36.8
30.5
32.0
54.0
52.7
30.4
26.8
26.4
52.5
36.6
60.6
30.1
42.4
46.3
43.3
56.2
48.0
62.6
23.9
36.8
26.3
37.4
46.5
50.4
42.6
36.0
38.0
17.6
37.7
32.5
51.8
37.9
40.0
32.7
36.4
37.5
32.8
35.8
36.6
46.6
25.2
46.5
33.5
59.4
26.4
36.3
42.6
46.6
50.5
36.7
35.8
46.4
20.3
19.9
48.9
47.2
26.9
46.9
44.0
19.7
23.4
42.0
48.0
43.5
41.2
30.4
53.6
40.3
30.0
45.0
40.7
26.2
24.6
45.3
50.7
50.0
24.0
21.9
50.5
51.7
44.9
32.5
46.9
47.1
48.3
28.9
41.5
28.4
51.3
26.1
37.5
41.7
50.8
44.4
31.8
43.9
41.5
35.3
31.9
28.4
23.4
25.6
43.9
35.7
53.9
33.2
37.0
41.2
41.8
38.2
28.6
37.1
58.2
42.6
23.6
50.0
46.4
36.0
32.8
46.0
48.1
40.9
31.4
55.7
29.3
49.9
48.4
35.2
31.0
48.6
29.7
34.7
39.8
39.2
56.8
14.2
49.0
28.9
39.2
40.7
28.6
52.3
43.4
33.4
53.8
44.0
41.1
31.4
62.3
44.3
53.8
42.9
42.0
39.2
47.7
50.0
53.0
31.4
46.6
52.1
46.0
28.8
28.8
36.7
41.4
35.8
42.4
36.3
49.1
22.7
44.7
46.1
45.7
52.0
28.3
40.2
36.4
29.0
56.4
39.0
43.2
38.2
33.5
47.3
45.6
54.3
42.8
27.5
19.7
38.8
39.7
36.7
41.5
47.6
34.7
31.4
50.5
50.7
33.0
58.6
38.9
50.1
47.5
60.4
27.9
41.2
34.6
31.6
53.0
42.5
44.5
60.7
34.3
20.8
47.7
29.5
47.4
45.8
53.7
53.0
58.1
45.3
41.3
40.9
40.9
48.0
29.2
41.1
36.8
47.2
30.2
38.9
30.0
44.1
34.9
34.1
44.9
51.2
48.8
39.1
52.8
48.8
40.8
57.4
28.0
54.1
57.8
44.1
45.6
55.0
40.2
40.7
66.4
47.6
31.4
43.9
32.1
47.0
53.3
45.9
42.3
19.2
34.9
61.1
42.9
40.0
25.4
36.9
46.6
24.8
47.6
44.8
28.2
63.9
44.9
22.0
44.7
52.1
33.3
44.3
25.2
29.7
39.1
17.0
40.7
19.2
37.9
26.2
49.5
37.2
61.0
33.3
30.5
55.1
48.2
33.0
47.1
60.7
36.9
37.0
48.6
49.5
36.6
33.5
24.1
39.0
45.5
20.1
47.1
21.8
59.7
53.4
33.7
50.2
29.3
53.8
35.1
36.7
43.5
28.9
37.9
47.0
36.8
41.9
37.6
43.2
38.5
54.6
51.3
44.2
46.8
39.2
41.8
20.4
47.3
54.5
47.1
48.4
50.6
43.6
44.9
47.7
43.4
21.9
37.6
34.3
52.5
26.6
34.0
53.8
55.6
54.7
12.8
44.5
43.2
54.6
49.6
46.9
36.8
52.8
44.0
37.9
44.2
28.6
29.9
30.4
58.2
44.2
46.7
39.0
36.8
41.5
49.6
38.6
45.3
45.9
36.0
37.7
47.5
38.1
37.9
41.9
40.9
35.5
30.8
50.6
49.1
47.0
35.7
34.4
43.5
44.0
41.7
35.7
54.9
59.9
63.5
52.0
26.8
46.6
46.7
30.3
56.3
26.8
28.9
31.2
34.6
29.0
38.7
15.7
46.1
39.6
34.5
48.7
48.2
31.3
32.5
30.3
38.2
43.7
44.2
30.3
36.6
43.6
26.4
35.4
41.3
44.4
37.8
41.7
39.0
32.5
37.3
44.5
25.5
47.3
45.3
38.1
32.4
38.2
51.6
37.2
36.7
28.6
37.2
33.0
36.3
24.0
45.8
37.2
30.7
35.7
41.3
24.9
47.2
24.5
36.7
45.1
29.7
52.3
38.1
44.3
47.6
46.6
45.4
43.9
40.8
48.9
21.4
50.9
30.9
35.6
35.6
29.5
34.4
49.9
27.1
56.6
33.8
42.5
49.4
17.2
40.1
35.9
50.5
23.7
20.3
25.9
56.8
43.3
49.9
39.5
41.9
41.6
45.1
19.0
27.2
44.9
32.8
48.7
42.6
40.1
51.9
29.4
50.0
48.2
32.2
48.8
33.7
51.6
38.8
34.9
52.2
39.0
35.0
34.7
23.6
39.5
32.4
33.0
52.6
27.6
41.4
33.1
60.4
49.0
38.7
42.3
69.4
35.0
22.3
35.0
40.0
30.8
39.3
26.9
29.6
32.6
14.2
35.8
37.0
39.3
30.2
32.7
47.9
46.0
49.4
21.0
38.4
32.5
40.1
37.3
38.5
27.7
38.5
27.8
51.1
58.2
44.5
48.5
27.8
39.8
43.4
41.3
37.9
38.1
46.7
32.6
49.7
45.2
52.4
52.9
17.5
55.6
31.4
42.5
40.0
51.2
20.9
54.9
41.5
34.1
36.7
32.7
32.1
55.7
50.7
38.8
56.0
47.5
22.8
42.9
52.3
24.8
44.5
52.4
67.9
19.3
51.6
40.6
40.4
52.9
44.7
41.9
52.4
36.7
43.4
19.2
47.9
42.1
49.9
37.3
42.1
35.1
36.9
30.0
40.8
41.8
34.1
43.0
50.0
53.5
35.8
29.5
32.1
31.4
53.6
29.7
30.4
28.3
41.6
57.5
37.3
43.5
31.1
38.6
30.4
50.7
49.9
28.5
31.0
38.8
55.9
56.2
47.3
39.6
40.9
50.9
25.7
45.9
34.9
48.6
42.6
44.4
41.7
25.8
37.3
23.6
45.3
45.5
41.2
28.7
51.7
45.0
41.0
37.7
35.0
43.4
24.4
18.0
36.2
43.4
34.2
52.8
55.0
56.9
37.5
37.9
48.4
61.4
40.8
53.7
32.4
27.1
44.0
46.0
34.4
22.0
38.5
43.3
33.0
50.1
28.7
46.8
23.5
36.8
38.1
39.3
44.4
33.3
32.7
41.7
62.5
33.4
42.2
39.9
34.3
29.6
39.4
33.8
12.7
43.4
46.3
45.8
58.2
30.2
44.9
45.9
32.1
62.2
60.3
36.1
44.8
64.6
38.2
48.1
33.8
20.8
40.6
44.9
39.9
48.2
40.7
35.4
50.3
41.9
61.9
16.9
50.8
36.7
44.2
32.0
20.0
40.8
37.7
37.1
44.5
53.4
43.1
35.1
39.3
27.3
36.6
29.9
57.8
45.1
42.0
46.5
53.0
30.4
43.7
32.2
29.4
32.6
14.4
51.3
42.7
46.0
22.7
42.8
30.2
35.7
47.6
47.2
44.3
34.1
23.6
34.3
33.1
39.1
33.3
53.5
33.9
52.1
41.9
38.8
52.6
47.1
53.6
38.9
39.1
35.1
31.1
70.0
43.2
47.6
32.5
51.8
39.4
31.0
40.9
33.8
15.9
56.2
30.6
49.3
24.2
30.8
28.1
35.6
37.7
31.9
49.1
42.8
43.3
34.0
34.6
35.0
50.4
45.0
47.2
44.7
31.4
52.9
29.6
36.0
22.1
63.8
45.8
56.5
39.1
54.0
49.6
32.8
42.3
39.5
28.0
40.4
40.7
59.6
40.6
31.1
25.9
51.4
53.0
24.7
61.2
47.8
49.3
40.9
50.1
53.6
50.6
44.1
26.4
40.3
53.7
39.9
23.0
21.3
49.6
52.6
26.7
26.8
41.7
30.4
41.0
32.8
43.8
41.3
43.0
44.8
41.4
29.7
40.9
20.9
44.7
48.4
30.8
49.0
54.0
31.6
34.9
47.1
30.7
38.7
49.8
36.0
34.9
34.6
28.9
40.1
31.4
61.0
57.2
42.3
40.1
36.8
51.0
33.9
39.2
36.1
46.7
55.8
36.5
39.7
27.3
30.9
40.1
43.9
41.4
29.9
40.6
36.2
34.0
44.8
50.3
61.4
24.8
30.0
38.1
36.7
48.7
38.8
31.8
33.2
38.7
40.6
33.2
18.1
17.7
43.1
34.2
46.6
48.0
39.3
34.3
59.8
38.0
34.5
35.8
43.0
39.6
38.3
47.1
41.5
34.7
48.2
39.0
43.7
38.8
39.2
49.5
40.4
42.7
43.1
31.6
51.6
46.0
41.8
35.1
49.7
24.5
44.3
27.0
34.5
46.3
51.8
35.9
29.9
18.9
40.1
38.6
38.7
42.8
35.5
22.0
30.9
25.7
47.8
21.7
49.5
25.0
38.9
37.1
45.1
36.6
45.0
30.2
41.8
39.1
36.6
36.7
44.1
33.5
49.9
38.1
37.2
41.5
49.7
42.3
29.2
38.6
47.0
26.9
20.3
20.3
36.4
46.6
53.3
52.7
23.8
41.4
32.4
37.6
45.2
47.8
46.7
34.8
45.6
51.2
33.8
37.4
42.8
40.2
59.3
19.1
35.2
21.9
40.6
40.3
56.8
51.0
44.1
47.6
49.0
42.8
15.1
26.8
22.6
39.4
42.2
38.5
53.2
51.0
50.0
45.7
43.5
27.9
15.3
28.1
50.4
60.1
44.7
50.2
33.3
29.2
44.2
36.2
43.0
41.7
61.2
46.0
39.7
67.3
44.9
31.9
29.3
25.3
27.1
57.6
54.9
29.0
48.9
36.6
45.9
32.4
66.1
34.3
24.3
42.2
54.9
46.8
30.9
20.2
43.7
47.2
42.0
37.1
33.9
37.8
57.3
31.4
33.4
45.3
30.6
43.5
43.9
54.5
37.7
45.5
40.4
49.0
44.2
48.0
29.4
23.3
31.9
35.0
29.0
13.9
43.1
33.1
35.8
25.9
34.9
49.9
33.6
32.7
43.6
32.7
44.2
38.4
38.0
32.7
36.1
39.8
22.8
28.5
35.8
31.4
32.6
36.7
36.6
50.8
26.2
54.0
40.2
45.8
55.3
32.8
54.6
44.5
50.1
37.7
50.9
27.9
45.2
54.8
37.0
54.2
44.1
28.8
41.8
47.2
37.0
41.5
32.9
31.0
34.4
22.5
35.3
38.3
26.5
36.1
51.3
47.6
37.2
32.6
47.8
40.0
35.2
51.2
40.5
42.4
38.2
47.4
39.4
35.6
54.8
59.6
50.5
42.2
32.3
45.7
47.9
39.8
38.7
46.9
37.7
47.1
25.4
37.2
53.9
43.2
28.2
43.4
39.7
45.1
37.3
40.1
23.1
44.4
29.8
48.6
33.3
25.7
39.6
47.3
38.7
16.7
35.2
48.0
42.8
39.2
55.1
33.0
50.9
45.1
33.9
39.0
50.7
52.1
55.8
65.9
35.3
29.3
37.8
50.8
44.2
52.7
54.8
45.5
34.5
51.6
63.4
53.5
44.3
38.9
41.9
48.8
61.9
18.2
27.5
37.9
28.5
50.0
39.2
39.2
26.0
33.7
23.6
49.8
50.2
46.2
27.7
48.1
38.6
42.8
37.1
34.3
28.6
61.0
35.9
48.5
34.9
53.7
37.9
39.1
42.8
57.4
41.4
40.7
46.8
58.5
35.1
27.2
31.1
52.5
48.5
56.7
54.0
42.4
50.7
43.2
50.6
46.7
35.7
31.8
68.3
18.9
40.6
49.6
39.4
34.0
36.2
21.5
31.4
31.6
54.9
3.8
48.9
38.0
27.8
32.8
41.4
37.8
15.1
40.8
33.8
29.4
33.2
39.0
52.6
49.9
40.2
28.7
44.1
43.0
43.5
44.7
34.5
49.5
28.2
43.0
57.2
33.3
41.5
44.7
45.5
40.2
45.5
41.9
43.4
30.7
38.0
50.3
31.0
40.4
50.8
48.7
51.0
41.9
31.0
58.7
42.6
38.0
48.7
45.7
50.9
34.8
32.1
13.8
52.7
30.0
39.7
38.2
40.5
42.2
37.9
65.2
39.9
45.3
24.2
20.1
54.4
22.9
34.2
45.8
49.5
31.4
40.4
44.4
25.2
31.4
47.0
27.5
21.2
37.5
34.6
50.3
37.3
43.8
45.3
28.4
55.5
29.7
28.1
40.4
29.6
39.6
43.6
28.3
45.3
25.6
27.7
28.8
42.5
36.5
43.6
61.8
25.6
47.3
26.8
32.4
20.7
26.7
32.4
35.3
40.3
38.8
23.5
31.0
35.7
32.6
52.1
33.8
31.1
17.0
49.5
34.2
40.2
33.5
37.5
21.8
46.8
40.7
38.7
41.9
30.6
45.5
40.9
39.4
50.4
30.2
44.0
30.9
45.0
30.1
31.5
65.5
34.1
41.7
24.5
47.7
50.5
28.4
41.6
44.5
45.2
50.4
29.0
50.0
30.4
47.1
47.8
42.7
50.2
49.2
44.3
60.1
60.3
32.8
36.4
38.5
39.3
37.0
21.9
21.7
53.9
63.7
49.1
51.4
29.9
24.7
38.1
35.5
38.5
33.8
27.1
33.3
9.8
48.1
27.2
29.1
40.1
29.7
52.0
30.8
27.8
48.3
61.0
38.8
35.7
38.9
26.0
68.0
35.8
32.2
13.3
31.0
37.6
19.1
47.3
30.9
34.5
40.0
45.5
29.3
47.9
35.1
50.6
48.5
39.7
46.4
48.0
35.1
44.0
40.2
50.6
35.4
32.4
39.8
40.2
43.9
52.5
45.3
43.0
35.1
51.2
43.7
44.7
44.8
43.0
52.6
36.2
35.9
31.1
53.3
38.9
54.2
48.1
46.6
37.8
55.9
41.8
40.1
44.7
48.1
42.0
18.3
50.1
49.6
37.4
36.1
29.7
41.6
27.7
40.2
47.2
45.3
22.3
52.3
26.5
41.6
38.3
35.3
37.1
42.0
32.3
27.7
33.6
48.3
36.9
29.0
45.9
25.2
54.7
39.9
47.2
58.7
37.0
43.9
35.7
36.2
28.9
35.2
37.7
45.5
46.6
42.5
46.3
48.6
39.8
44.3
36.1
46.9
53.6
35.4
42.9
62.9
54.5
37.5
43.8
39.0
41.4
42.4
46.5
46.1
42.8
38.6
45.6
50.5
26.9
37.4
45.3
49.7
62.7
28.7
22.4
34.8
27.5
45.8
26.9
43.7
36.8
27.7
35.0
36.4
33.9
56.8
59.2
28.3
45.3
58.1
53.6
29.3
32.9
16.4
34.9
34.4
45.0
55.6
46.8
52.8
40.7
33.9
34.5
49.5
26.0
41.5
65.3
54.9
40.0
37.5
46.3
42.9
51.2
36.5
36.9
33.6
35.0
68.2
45.7
42.3
34.4
49.3
44.2
42.0
40.6
48.5
51.4
43.6
25.4
36.1
41.7
26.7
47.4
25.4
48.0
52.5
41.2
34.1
47.9
27.3
43.5
48.9
37.2
57.8
39.7
54.2
33.0
36.3
34.7
51.9
37.4
61.8
22.3
57.1
32.8
29.3
36.2
44.2
32.9
39.9
23.6
41.4
32.0
33.9
36.7
36.2
29.1
30.3
47.3
49.5
41.7
48.8
44.3
46.3
24.5
37.1
53.9
29.6
30.7
36.6
42.2
41.2
45.3
55.4
42.3
35.5
47.6
44.6
33.1
31.1
26.1
48.6
47.2
40.4
22.8
47.4
40.9
30.8
44.4
41.3
30.2
40.0
50.1
42.4
36.0
41.5
40.7
21.9
41.9
32.2
49.7
43.3
33.2
40.9
45.1
48.8
38.9
32.6
39.9
38.4
44.3
42.2
37.9
36.6
42.4
20.0
42.7
36.9
41.4
30.6
55.1
27.6
46.8
39.3
40.2
40.7
57.8
50.3
40.8
52.4
35.6
23.9
49.9
37.4
39.5
34.2
43.3
23.3
65.3
50.8
41.1
25.3
39.7
38.7
46.2
40.3
44.7
26.1
22.1
50.6
29.5
51.5
24.3
15.6
48.2
28.5
47.5
27.4
35.6
33.2
31.2
44.9
44.2
39.0
40.9
24.7
61.8
35.8
32.6
41.6
30.6
32.9
43.3
29.4
37.7
52.2
27.3
30.5
43.1
42.3
36.8
42.8
56.3
37.2
49.7
38.7
29.5
19.8
34.3
41.7
40.3
42.9
36.7
32.2
33.7
18.7
46.5
33.7
51.7
33.7
38.5
48.6
43.0
40.1
22.6
36.1
59.4
58.9
42.4
30.1
39.5
25.8
41.7
46.4
60.4
46.0
20.5
35.2
31.7
57.1
30.8
54.3
37.4
59.7
48.0
54.7
25.0
27.2
42.1
41.7
53.0
39.9
51.8
21.7
55.5
23.5
36.3
38.7
46.5
32.7
54.1
45.2
42.9
45.4
46.3
22.0
28.4
43.3
35.5
55.7
49.6
53.6
35.7
38.3
42.3
45.6
48.3
33.3
29.2
43.7
46.3
49.4
28.2
45.8
26.9
52.1
32.8
34.3
43.8
45.8
46.3
44.5
46.6
37.7
40.4
30.5
37.0
46.8
56.1
30.8
39.7
43.0
35.3
15.1
26.4
55.9
44.1
49.4
48.5
34.7
46.8
41.8
30.3
38.7
26.4
35.9
62.0
55.5
22.7
55.6
36.8
54.4
14.5
37.6
34.0
25.4
36.8
30.5
29.1
25.8
44.5
42.4
38.7
18.7
30.9
44.1
20.2
47.0
37.6
48.3
18.4
30.9
37.4
22.7
43.3
19.2
39.9
37.1
45.3
39.5
45.2
40.0
55.8
45.3
32.2
42.1
27.4
61.0
38.4
55.2
22.5
43.1
49.0
32.7
35.1
68.6
41.1
55.2
49.1
48.9
42.5
24.8
59.5
42.0
43.1
28.2
47.4
40.3
39.6
26.3
46.9
33.4
40.6
50.7
43.5
36.7
41.9
25.6
74.5
48.6
59.1
36.3
44.8
41.4
39.8
47.7
37.8
31.9
40.2
48.0
20.5
50.9
52.4
36.7
30.7
50.8
32.4
23.3
33.3
29.0
43.6
45.5
69.4
41.0
23.2
51.0
45.1
72.8
38.8
38.7
28.4
45.8
42.2
53.3
39.9
54.8
50.0
32.3
55.6
38.6
40.5
45.2
28.5
50.2
22.9
28.8
33.0
33.2
62.0
38.5
53.3
48.7
31.4
57.9
43.2
41.7
49.8
40.4
50.4
33.0
46.8
42.6
21.0
27.4
42.7
33.7
23.6
29.9
36.5
37.4
62.3
32.0
22.9
20.2
33.5
26.0
36.0
41.6
40.9
19.8
41.5
27.9
45.3
33.3
35.2
25.8
49.5
56.5
52.5
57.9
58.9
49.1
39.8
23.5
48.8
46.9
38.5
31.4
34.1
55.1
30.1
38.6
45.5
34.7
42.6
23.5
33.0
35.5
44.4
34.6
45.5
51.0
29.0
50.7
61.5
37.8
28.9
46.1
42.6
61.5
35.8
46.7
60.7
21.4
37.2
35.5
39.0
46.3
54.0
50.0
30.7
35.2
41.7
32.5
47.0
26.0
57.6
37.4
30.1
47.2
41.6
30.0
45.5
63.7
40.6
46.0
37.9
33.8
53.1
26.3
24.7
23.1
34.8
30.7
37.1
45.6
36.6
32.1
56.7
46.3
39.0
54.1
44.2
36.4
45.9
50.6
38.7
42.4
60.5
41.8
37.1
41.2
10.8
27.0
45.1
13.8
54.9
35.0
53.6
41.9
51.8
21.7
41.2
20.5
49.5
43.9
46.8
42.6
52.1
30.9
50.0
24.4
46.0
32.3
44.4
50.7
34.6
27.1
37.2
30.1
26.1
33.6
32.4
48.3
28.1
36.6
26.8
36.1
22.8
27.9
32.6
32.7
52.2
34.2
47.9
24.6
53.2
33.0
39.1
36.0
46.9
37.4
43.0
37.7
23.8
30.7
21.4
57.4
40.6
28.9
38.7
45.7
42.5
29.0
41.7
27.6
32.0
13.7
42.2
38.0
38.4
40.0
41.4
43.1
54.6
34.3
37.6
31.4
30.5
26.0
46.1
36.3
27.9
33.1
62.4
45.9
25.3
34.2
52.1
43.7
42.4
41.4
47.1
37.2
47.7
27.7
31.0
39.5
51.5
37.2
30.8
39.9
40.8
29.9
34.5
40.6
46.6
17.8
30.1
49.3
41.4
49.2
39.8
39.2
35.9
39.2
46.7
60.9
59.3
23.6
51.7
42.6
42.1
28.6
51.9
48.3
62.5
34.0
40.4
41.6
57.8
21.0
33.3
38.5
33.8
25.9
57.3
37.2
48.1
47.6
30.2
54.7
33.4
28.3
33.8
51.2
46.9
22.0
48.3
42.1
18.1
39.1
28.0
43.7
51.3
21.8
39.8
43.6
44.7
29.6
44.6
45.8
38.3
50.7
34.3
50.4
42.4
23.2
45.9
47.9
38.0
47.8
32.4
42.0
26.5
45.7
19.1
50.7
58.6
46.2
48.1
60.9
39.5
20.5
33.6
47.8
24.4
46.5
31.4
30.3
21.8
34.9
26.1
51.7
25.5
25.5
31.2
35.6
42.8
45.0
39.5
38.0
41.0
44.4
63.6
32.7
49.1
45.7
31.7
60.6
36.4
36.9
31.8
29.5
30.0
17.0
48.3
35.1
60.2
44.5
54.8
43.9
25.9
52.3
35.8
46.0
42.4
57.9
23.3
59.0
28.4
30.6
43.6
47.8
34.5
57.3
35.9
30.6
46.5
26.4
33.3
33.4
49.7
28.9
19.6
36.9
42.3
30.7
32.2
47.5
46.0
33.7
47.9
22.5
23.8
43.1
44.9
57.3
47.3
32.1
46.4
34.3
36.2
50.5
12.1
29.5
46.2
37.3
12.1
42.2
22.6
33.5
42.1
55.6
40.8
47.0
50.5
44.0
44.4
32.3
19.7
28.4
42.9
34.6
60.3
38.4
36.9
52.7
32.0
42.0
34.4
52.5
47.8
31.2
52.3
38.0
44.5
40.1
34.6
44.2
43.4
27.8
46.0
39.4
43.3
23.4
48.0
35.2
35.8
33.7
21.4
31.0
43.7
55.7
56.3
35.4
31.7
13.7
42.3
38.7
30.9
28.7
49.2
52.1
45.3
39.4
43.6
34.3
37.2
25.5
39.1
32.2
38.1
19.7
42.0
50.7
28.3
36.7
40.6
49.1
50.6
33.3
42.7
27.0
29.2
44.7
36.5
41.7
55.3
43.3
37.8
26.8
35.6
44.6
17.4
25.9
40.8
51.4
35.3
57.3
27.8
45.6
28.0
23.1
33.9
32.8
51.6
34.0
22.7
25.5
31.8
51.9
17.8
39.6
46.5
26.2
46.4
30.6
26.3
42.6
32.8
48.2
46.3
47.9
41.9
44.3
25.0
47.3
34.4
44.8
37.2
20.3
39.9
45.7
43.0
33.5
21.5
52.7
31.5
27.6
48.4
31.6
35.5
37.3
47.7
38.3
28.2
46.5
38.8
31.3
32.4
27.1
46.0
37.9
43.0
47.4
38.8
38.3
23.5
51.5
35.7
44.0
36.7
34.6
47.3
33.3
33.0
48.7
37.6
37.8
39.5
27.6
44.8
44.9
58.1
42.4
48.1
33.4
36.2
32.7
39.1
42.7
48.6
59.8
56.5
46.3
43.4
36.4
40.2
32.3
35.0
49.9
37.1
50.0
44.4
34.9
44.7
34.1
31.5
44.3
35.1
64.2
37.9
47.4
52.0
36.0
42.1
47.6
54.1
41.2
34.1
46.6
39.4
36.1
44.2
52.8
49.5
42.1
38.4
32.6
32.7
42.2
22.3
39.0
34.1
29.9
61.2
48.9
34.5
27.3
47.5
29.1
30.9
57.9
21.4
22.1
46.8
29.3
57.0
31.1
13.5
50.9
49.8
38.0
45.1
38.2
54.6
37.7
38.9
37.5
44.7
41.6
50.8
23.6
29.8
36.1
47.5
28.4
34.2
24.3
41.1
22.3
35.2
37.2
62.0
28.3
42.4
48.7
38.1
47.9
52.0
48.3
33.0
36.9
40.9
55.4
45.8
47.9
44.9
33.7
48.5
19.8
41.8
43.6
51.3
40.7
44.0
29.3
31.0
51.3
53.1
47.1
21.2
27.3
45.9
37.0
44.1
34.5
35.1
17.4
47.7
45.6
54.6
26.2
37.7
35.8
49.7
36.4
32.2
38.5
41.8
35.2
29.8
57.5
15.2
41.5
39.3
36.0
42.4
41.9
34.6
54.2
64.4
41.3
33.0
19.3
44.8
40.9
34.6
48.8
38.2
43.8
40.7
64.9
33.4
42.1
59.0
48.2
52.4
42.9
24.6
51.4
39.2
32.1
62.3
47.2
44.0
42.4
47.8
36.9
45.9
47.3
45.4
32.9
43.0
37.4
49.2
24.6
37.2
48.7
44.1
40.8
31.5
51.1
41.5
14.3
57.8
50.5
49.0
48.8
31.2
47.9
44.1
45.3
56.9
49.7
47.8
39.7
34.6
58.2
31.5
45.9
42.0
36.6
38.8
36.5
47.3
38.0
43.8
44.1
44.7
50.5
31.9
30.6
42.9
51.1
42.1
45.3
55.3
29.0
63.9
44.1
38.6
29.7
60.6
27.6
30.9
32.3
29.9
41.3
36.5
23.3
51.5
31.8
51.5
45.7
39.9
39.1
34.2
39.5
35.4
43.1
31.6
14.7
31.9
38.5
43.9
39.0
46.9
31.8
36.9
52.2
53.4
27.3
28.3
47.4
45.8
40.6
30.8
39.1
32.9
48.3
48.8
12.2
40.4
48.4
50.1
34.3
49.1
32.3
42.7
68.2
27.5
29.0
52.1
32.4
54.4
21.8
49.4
42.5
14.4
33.1
36.1
45.4
40.2
43.5
43.2
49.0
50.3
32.6
56.9
52.5
47.7
48.8
37.3
39.2
33.8
39.9
49.8
34.8
32.1
28.1
48.1
58.3
57.8
44.3
30.7
38.8
22.6
27.4
46.5
12.8
19.2
49.5
44.9
41.6
28.0
27.8
35.1
47.0
47.4
44.1
23.9
33.6
27.0
46.4
50.3
31.7
35.5
48.0
55.6
49.2
30.9
33.8
30.7
36.2
40.5
43.9
40.0
38.6
38.2
55.1
42.1
30.1
44.5
42.7
38.3
40.0
47.3
43.3
39.5
38.6
48.5
29.0
44.2
45.6
43.0
30.4
28.1
42.3
33.7
36.0
43.9
36.6
51.7
49.5
32.9
44.9
46.4
23.8
39.4
30.4
27.0
47.8
42.2
37.7
50.3
34.1
42.5
33.2
25.5
44.5
35.7
38.5
51.9
32.2
45.4
45.7
37.8
40.3
33.4
52.1
55.8
43.2
37.4
29.0
30.2
40.7
43.9
47.3
45.6
38.5
38.6
37.1
53.6
39.0
55.2
48.1
24.4
39.8
53.5
35.2
30.3
32.5
41.2
34.5
49.6
32.8
29.4
45.8
51.2
40.9
60.7
24.8
66.7
52.7
29.9
38.4
35.3
44.6
53.9
66.5
51.3
62.9
29.3
46.6
36.0
47.4
42.4
37.7
40.9
46.4
50.1
46.1
48.6
53.4
43.0
24.3
36.9
38.8
57.1
36.4
46.6
41.2
31.9
39.1
48.4
37.9
41.1
22.1
50.4
34.6
51.0
24.6
27.4
36.6
55.8
44.7
24.7
40.8
33.5
52.0
28.9
46.6
12.2
31.2
44.6
40.1
47.9
36.7
33.7
50.6
29.8
37.7
46.7
43.1
44.6
41.2
25.3
26.7
40.7
35.8
26.9
51.7
46.4
38.1
16.5
36.3
31.8
34.0
37.9
38.9
34.7
25.8
19.5
58.5
33.6
4.2
41.6
28.8
52.9
42.5
33.2
40.5
43.5
48.8
39.5
37.3
23.8
4.6
38.1
35.3
41.2
30.1
50.7
44.9
16.8
22.5
21.6
45.0
46.6
39.0
50.5
37.3
31.5
69.6
51.1
38.8
23.9
38.2
62.0
44.5
36.6
38.5
30.9
40.6
47.3
36.4
39.0
37.0
41.3
40.1
30.2
49.0
43.1
45.9
53.2
35.8
32.7
33.4
30.7
42.8
27.0
34.4
54.7
47.4
45.4
46.5
41.5
50.0
48.5
59.3
40.1
35.6
43.8
47.9
48.4
48.2
43.1
32.1
32.4
43.7
27.4
35.8
38.2
33.7
42.2
45.9
36.1
30.8
41.0
57.1
58.7
39.5
26.1
44.6
41.7
33.3
46.1
32.9
31.1
44.7
42.2
42.6
59.0
40.5
54.3
55.5
45.2
37.3
34.9
51.2
48.1
40.3
42.4
57.5
32.2
29.1
34.6
31.1
38.5
28.1
37.8
25.8
30.8
33.5
28.0
46.2
27.2
42.9
44.9
31.5
48.4
40.8
49.7
39.6
43.4
25.5
47.4
43.0
48.2
51.0
34.6
30.8
30.9
48.4
40.4
49.8
27.7
34.1
35.9
49.0
51.7
25.6
49.2
47.3
42.4
29.9
46.7
34.8
22.9
54.4
35.5
43.1
38.5
32.7
45.0
35.8
29.9
53.1
34.9
43.6
61.4
56.2
47.3
45.2
49.1
31.4
41.8
38.1
51.4
43.2
40.1
37.7
54.4
38.4
41.2
36.2
48.1
32.9
46.5
37.5
48.6
35.9
49.3
54.3
43.5
18.0
42.0
40.6
34.0
37.9
47.3
43.7
42.6
42.0
59.5
25.0
46.1
56.3
48.6
26.6
40.2
56.8
40.6
58.6
21.3
35.4
38.0
48.7
48.1
49.0
44.5
49.4
42.1
43.0
42.4
63.4
34.4
45.4
49.5
59.1
34.2
43.5
55.1
45.3
42.2
56.5
33.2
35.2
38.7
48.8
49.8
37.1
37.2
38.3
38.0
55.1
25.4
52.9
46.0
50.7
54.4
48.7
35.7
65.3
42.7
40.7
16.6
16.6
44.1
27.2
42.4
21.6
56.0
29.9
37.8
62.4
33.1
42.2
33.0
59.7
40.4
36.8
32.0
53.4
26.7
47.2
35.7
37.0
16.0
46.8
31.4
21.5
38.8
45.3
35.5
40.0
48.9
33.8
36.3
39.9
48.0
47.5
34.5
55.8
42.0
38.4
46.2
49.9
37.0
58.2
40.1
49.9
37.0
37.4
42.4
54.1
32.3
5.8
36.0
41.2
30.5
38.7
43.8
38.7
33.6
61.8
24.2
53.0
51.1
39.1
30.1
39.9
47.6
35.3
31.9
38.9
43.1
38.0
39.1
45.8
44.7
19.0
30.4
35.6
40.2
46.5
32.3
51.5
31.8
41.8
42.8
35.9
67.8
42.2
53.8
45.7
43.8
24.7
54.4
29.7
41.6
44.1
49.3
34.2
48.2
41.6
36.5
24.1
49.7
36.8
37.1
63.6
54.5
28.1
60.7
44.2
16.2
32.3
41.1
52.2
33.3
51.0
33.0
44.8
55.8
41.1
29.8
47.3
44.6
38.2
50.3
49.8
41.2
35.8
51.7
46.1
46.5
63.0
44.4
49.3
41.0
50.2
43.8
40.6
32.7
41.6
53.8
44.3
50.2
15.7
38.0
62.4
48.2
39.8
42.6
38.0
55.6
25.3
38.0
36.7
23.3
36.0
45.2
30.9
36.3
31.8
45.5
42.4
16.1
29.2
32.4
42.8
38.4
48.4
44.7
45.3
44.3
29.6
43.4
43.9
43.2
51.1
28.8
28.0
35.2
42.8
37.4
27.8
44.7
36.4
32.7
42.3
48.0
44.5
61.4
52.1
36.6
45.2
31.6
40.3
23.3
49.2
48.7
33.6
43.6
53.8
41.3
22.5
28.8
51.7
41.2
50.5
34.9
39.8
47.8
41.4
48.7
35.2
35.3
45.5
59.9
42.0
29.5
34.2
43.6
26.7
42.1
42.9
34.7
53.7
51.1
47.6
35.8
55.2
37.8
33.9
36.0
42.6
72.0
54.3
36.4
46.6
32.1
32.3
50.3
33.0
29.5
17.4
19.0
44.1
49.8
42.1
53.5
34.1
32.4
43.6
27.3
37.9
50.4
31.3
32.0
45.3
32.5
37.8
41.2
44.4
29.1
38.7
30.8
58.1
36.3
28.8
41.3
34.3
40.9
27.2
49.0
59.0
38.3
36.9
17.5
31.0
49.7
31.8
37.5
45.4
38.1
51.4
33.0
44.1
24.0
26.0
28.0
43.8
36.1
37.7
42.2
25.1
47.1
38.5
40.2
47.5
50.4
36.1
38.5
41.8
34.9
43.7
24.8
37.1
36.4
37.6
34.2
51.1
45.7
59.0
39.9
13.9
34.2
48.2
39.3
50.2
37.2
29.8
34.9
47.7
46.9
47.1
53.6
32.1
43.4
67.2
32.8
33.6
30.3
50.5
45.3
42.5
37.3
59.2
27.0
47.9
30.6
40.0
53.1
38.2
53.4
49.2
28.6
38.5
56.9
34.5
48.5
43.4
49.7
44.2
35.4
36.1
34.9
33.7
41.6
20.8
41.6
48.1
58.3
45.7
37.6
40.3
48.0
46.7
34.1
56.3
34.1
48.2
29.9
29.8
49.5
33.5
53.1
36.5
41.8
24.4
41.2
24.9
47.5
33.9
50.0
43.5
34.8
57.1
46.5
28.1
34.6
35.4
39.1
40.7
36.0
21.9
32.1
55.2
36.9
50.8
42.1
41.9
34.1
37.0
32.4
41.1
46.7
56.9
32.9
41.2
35.5
44.9
41.2
58.7
45.6
42.5
27.8
39.7
39.8
40.0
47.6
35.3
32.3
27.7
50.4
42.0
26.0
56.4
36.2
20.9
50.5
50.7
39.8
31.9
33.4
37.9
53.4
37.3
25.9
28.0
38.5
42.5
36.0
45.8
42.8
41.1
46.7
38.5
41.5
19.3
27.0
35.7
48.9
24.9
38.8
50.4
24.8
29.6
51.0
28.0
38.6
30.8
48.7
50.4
58.0
34.2
23.8
38.5
48.8
31.8
42.0
35.7
39.5
64.7
46.5
39.9
19.9
47.9
36.4
47.0
43.9
31.2
48.7
25.7
44.8
55.2
40.6
22.7
50.9
30.1
46.6
51.1
34.5
38.8
42.7
42.3
35.8
18.7
34.3
40.0
40.8
47.6
43.0
38.7
26.3
28.3
41.9
33.5
45.4
44.1
40.8
50.3
29.0
40.5
35.3
46.3
46.4
27.1
45.8
48.7
45.8
49.8
37.7
30.6
31.4
44.4
42.3
40.6
30.2
34.3
50.3
36.1
50.9
43.0
54.5
45.6
42.0
23.7
24.9
61.9
48.7
52.3
61.4
46.5
19.7
35.5
42.1
32.2
51.6
35.6
40.6
36.7
34.0
23.2
49.5
26.6
39.3
22.8
40.4
40.3
39.8
34.5
23.5
37.2
43.8
17.8
40.7
33.6
29.6
37.2
55.7
26.6
47.1
48.3
42.4
34.1
57.4
33.5
59.0
62.8
41.2
32.7
29.0
57.0
42.5
44.8
44.1
60.1
34.1
32.5
44.1
30.5
38.6
49.3
55.0
27.2
50.7
34.0
43.7
37.6
37.5
22.7
37.9
27.5
47.5
34.7
27.3
46.8
48.1
36.1
25.8
46.1
38.1
54.0
37.0
43.7
31.3
39.6
42.1
28.1
22.1
21.9
40.8
26.3
34.8
29.2
49.7
52.4
36.0
45.4
38.5
37.7
31.9
65.1
44.5
41.9
31.0
32.3
55.6
40.4
44.0
34.1
57.9
32.7
38.9
39.3
48.9
47.2
43.2
41.5
58.7
45.5
24.0
37.7
44.7
45.3
48.6
45.3
44.8
19.4
32.3
18.6
29.9
62.5
42.8
34.2
53.0
54.1
35.4
39.0
22.2
36.0
40.1
37.5
32.4
36.8
40.5
45.6
44.2
27.9
31.7
40.9
39.2
33.1
42.8
33.0
38.2
48.8
54.1
32.9
40.7
40.1
35.8
30.5
44.8
39.8
40.7
39.9
26.1
68.2
33.7
40.2
45.3
47.2
39.9
52.7
59.4
45.6
44.1
32.6
35.4
40.9
24.8
27.5
41.6
32.7
33.1
36.5
36.4
27.8
33.5
40.9
27.0
21.0
46.6
37.5
39.6
57.9
27.2
45.2
23.0
26.4
43.8
42.5
49.1
49.4
21.9
38.7
34.2
46.9
46.4
48.2
30.8
27.3
38.5
46.9
46.3
37.3
38.4
39.5
46.1
19.3
14.9
43.9
47.6
57.0
39.2
26.5
29.8
36.2
28.3
21.3
48.6
29.6
47.1
34.3
49.6
37.8
28.0
50.9
26.8
46.0
46.7
39.4
66.8
33.3
44.6
35.4
29.5
22.5
44.1
38.2
40.6
12.6
43.3
28.2
48.6
43.1
32.3
37.1
37.5
20.4
38.0
37.6
28.9
52.6
42.5
41.8
35.8
30.9
29.4
46.6
30.6
44.7
19.8
43.9
39.2
34.3
38.8
28.7
33.6
42.6
52.7
30.0
41.0
46.3
40.2
31.1
43.8
39.0
37.2
42.6
36.4
29.9
47.0
36.9
37.9
45.8
39.2
23.9
40.4
39.6
54.3
41.3
35.0
36.6
40.8
24.7
68.5
44.3
46.6
50.8
38.7
29.6
46.3
27.6
49.7
32.4
50.6
31.1
51.3
33.2
32.2
36.2
48.1
37.9
43.7
39.3
50.1
40.6
27.1
50.3
44.9
48.1
32.3
38.3
36.6
32.5
37.0
31.1
48.7
38.4
33.5
31.5
40.6
48.2
51.2
48.0
60.0
59.9
35.2
42.8
44.3
51.7
37.1
34.8
39.6
38.5
40.3
35.0
40.2
23.2
32.0
31.6
46.0
32.3
31.6
39.9
52.0
20.2
36.0
47.6
37.4
36.1
43.5
53.6
23.2
30.1
34.9
32.3
49.4
29.6
31.9
30.3
36.1
36.5
56.0
49.8
38.8
41.9
26.3
38.9
61.2
34.4
39.1
42.9
40.9
44.2
43.9
39.9
49.3
35.1
36.9
61.0
47.9
54.1
38.8
35.8
34.5
43.2
28.7
40.8
25.6
47.9
42.4
49.0
47.9
54.8
52.1
27.1
44.0
44.4
49.4
43.0
41.5
26.0
40.0
38.0
48.7
39.6
23.5
37.1
40.1
45.5
44.4
40.6
44.3
31.1
41.7
43.4
47.5
40.6
42.2
31.2
53.8
46.8
30.5
41.7
52.1
26.2
41.8
35.2
45.4
52.2
37.4
41.7
53.9
30.7
36.3
38.9
45.2
39.9
42.7
33.6
44.4
36.1
45.9
41.7
52.9
40.0
54.7
41.4
24.1
38.1
31.0
37.9
35.5
39.7
71.3
44.4
58.5
29.4
47.3
44.6
30.3
31.7
36.9
29.0
54.5
38.4
41.1
36.2
32.5
53.4
36.9
37.8
43.4
46.4
36.6
47.3
28.6
53.5
20.1
24.3
52.1
35.5
36.1
47.0
42.5
37.1
51.8
25.9
46.9
29.7
52.9
43.5
33.3
54.2
30.4
42.7
52.3
53.0
37.3
45.9
55.7
44.9
44.6
45.9
60.4
53.4
32.6
39.5
29.9
53.3
49.0
28.8
39.5
44.4
50.6
20.2
52.1
47.7
40.6
43.7
33.7
36.4
39.1
52.1
45.5
31.0
45.0
43.8
46.9
20.9
38.6
33.1
39.7
39.6
44.0
52.0
44.2
27.6
19.3
39.2
38.5
30.5
49.0
34.8
41.6
31.1
47.2
47.9
60.5
50.7
62.4
28.9
44.5
49.9
39.5
39.6
59.8
60.2
31.6
40.9
38.1
44.2
36.1
32.6
48.3
39.4
39.0
48.4
47.7
41.3
41.2
33.4
46.6
38.5
55.0
44.4
15.0
42.2
30.1
27.7
46.4
35.8
34.2
41.6
43.9
40.4
33.1
32.1
36.5
25.6
28.4
32.2
30.4
36.9
16.5
35.3
49.8
40.7
41.1
41.9
36.9
29.4
36.6
51.9
39.6
46.7
38.2
37.9
52.3
32.1
38.6
43.6
23.8
52.5
36.2
33.3
34.0
33.3
43.7
38.4
56.4
38.6
29.6
47.5
28.8
48.7
36.9
40.2
41.5
50.9
32.7
28.3
35.2
57.1
37.1
49.2
36.3
34.1
33.7
23.2
35.2
38.2
27.9
40.0
33.5
43.7
30.5
34.6
46.0
33.4
45.6
30.7
50.6
33.1
34.2
38.5
44.0
53.2
25.7
23.2
33.4
23.9
30.7
41.0
28.0
25.1
26.4
44.1
42.0
55.1
41.4
42.2
38.0
45.2
42.9
43.6
32.9
41.5
38.1
32.4
46.5
31.3
49.0
34.9
25.5
36.0
34.6
38.2
32.1
44.4
47.3
44.6
40.4
53.3
31.3
41.2
46.4
40.8
38.1
28.5
42.4
31.2
48.8
29.8
45.9
46.5
36.8
27.3
37.5
38.5
47.8
18.0
43.2
43.8
39.4
40.3
28.2
28.1
24.9
40.0
43.7
34.6
31.5
40.0
40.7
53.3
45.8
29.5
31.1
17.9
28.9
18.9
31.5
35.8
45.7
32.3
34.9
43.4
51.0
46.2
22.7
38.2
27.6
35.2
40.3
37.2
24.3
41.9
49.1
53.4
24.0
28.9
48.0
43.7
43.6
38.2
52.6
34.1
29.1
31.0
28.5
23.0
34.6
43.0
33.1
50.5
51.1
46.0
47.6
43.2
27.7
39.2
39.5
47.4
47.7
39.7
46.7
20.7
38.6
37.9
20.1
32.1
47.2
47.8
50.2
52.4
42.9
40.7
42.8
45.5
31.1
48.3
46.1
55.0
36.8
20.5
48.8
43.7
31.1
40.6
24.3
52.7
47.7
50.3
47.6
35.8
52.1
35.0
48.6
31.0
40.0
36.0
26.3
34.6
36.9
51.3
46.9
46.6
43.1
50.8
43.4
37.0
40.7
35.9
36.9
28.8
24.3
22.6
42.1
37.4
65.2
36.9
46.8
33.0
42.8
43.4
53.5
40.9
38.5
48.5
44.8
52.0
40.4
38.0
40.5
50.7
19.2
38.1
39.2
36.8
33.5
50.1
37.3
21.5
42.3
47.7
44.6
23.9
29.1
45.3
53.6
31.4
29.1
40.3
25.0
42.8
33.7
44.6
29.6
42.7
23.5
25.6
34.5
31.1
39.6
35.6
43.3
53.3
34.3
43.9
58.6
40.4
32.6
35.9
46.9
52.7
32.2
52.4
61.6
51.2
44.9
47.8
42.0
35.6
48.8
55.2
46.6
34.6
26.6
32.1
54.4
46.3
67.6
36.0
32.5
19.9
25.7
47.7
56.1
36.6
31.9
49.3
42.7
48.1
43.5
31.6
27.7
45.6
53.2
28.4
49.2
46.8
41.8
47.0
52.1
36.0
33.4
53.9
39.1
42.8
45.5
41.2
42.3
23.6
47.0
37.7
49.0
37.2
37.7
41.1
36.7
39.4
29.6
44.5
30.3
32.0
42.0
30.9
30.0
51.9
33.3
13.9
39.3
38.5
44.1
54.9
47.0
43.8
52.7
47.7
45.5
43.2
33.6
51.0
31.1
46.3
48.0
52.3
54.6
69.0
39.5
42.1
43.1
35.7
30.8
57.9
55.2
26.3
35.6
44.2
53.8
58.8
30.3
25.8
53.0
51.9
56.2
16.3
29.3
39.6
39.6
19.6
48.9
47.7
37.2
50.4
34.9
54.6
34.8
39.1
39.0
34.1
41.8
25.3
36.6
40.6
58.2
48.2
51.2
39.2
20.3
52.8
32.6
49.0
34.4
39.4
47.6
52.0
45.1
35.5
41.4
41.1
27.3
25.3
38.2
39.8
52.6
64.0
41.2
45.7
28.3
42.3
36.5
20.4
38.7
42.9
33.5
39.0
42.1
46.5
40.3
30.6
30.8
41.7
40.2
41.8
41.3
46.2
43.8
24.4
58.7
33.3
29.8
65.6
47.8
31.0
45.1
52.3
36.4
54.3
35.0
45.1
44.4
28.2
35.1
16.3
42.7
16.7
41.7
48.6
51.4
40.4
49.0
32.7
48.1
54.5
38.4
47.3
26.0
27.1
31.1
42.7
32.3
54.5
33.4
41.5
60.3
42.0
48.2
32.1
30.4
48.9
20.0
52.9
47.2
31.3
37.0
40.3
23.0
31.0
55.0
27.3
42.7
33.4
42.5
41.1
40.8
28.2
38.6
39.3
33.7
31.6
39.3
57.5
39.1
48.6
25.4
40.0
44.3
43.0
35.7
35.6
40.2
45.7
61.2
33.2
29.3
31.4
33.5
24.4
50.5
26.7
54.5
27.9
50.4
53.7
23.6
35.9
41.5
50.7
30.6
45.1
39.8
32.5
40.0
50.7
28.7
26.0
40.0
29.6
39.2
14.0
45.5
39.8
43.2
29.2
41.8
53.9
35.6
37.0
33.3
31.5
39.4
61.3
35.4
29.0
17.7
43.8
46.7
45.2
40.8
47.8
44.5
52.0
26.6
35.4
46.8
46.2
41.9
28.5
45.1
24.7
34.8
46.0
37.8
38.3
44.3
33.3
29.1
46.7
12.8
44.5
32.7
54.8
43.8
43.2
55.6
37.7
40.2
43.4
28.7
38.3
24.2
55.2
45.5
46.9
39.4
44.4
40.2
41.1
47.3
54.5
35.2
50.9
52.3
42.0
45.9
48.3
40.4
36.6
48.9
42.1
56.5
60.9
48.6
44.6
54.1
44.5
42.5
28.7
40.5
43.3
44.1
35.8
21.8
38.9
31.9
35.5
42.9
45.1
28.3
56.2
40.9
31.9
46.1
39.2
54.9
48.0
30.5
31.9
57.1
66.3
45.1
34.4
37.0
49.3
37.0
38.7
51.9
18.5
50.0
43.0
60.4
43.8
50.8
35.8
48.7
45.4
27.6
38.8
56.4
27.4
45.5
40.8
48.7
42.1
41.8
38.4
57.7
46.3
46.4
27.8
46.1
39.6
53.2
45.1
48.6
51.1
35.6
44.9
76.2
41.5
38.4
57.1
48.1
36.6
20.6
32.9
51.7
53.2
27.3
37.8
53.8
30.4
55.8
34.9
38.2
55.6
45.7
44.7
46.1
44.2
37.7
31.6
56.2
28.8
59.1
43.7
25.9
46.1
48.0
36.0
40.3
38.9
50.6
47.6
17.7
30.0
22.8
58.1
52.5
32.7
27.4
45.7
41.5
33.1
55.8
27.5
44.8
16.6
27.2
47.5
60.0
43.5
41.7
49.9
36.3
41.9
60.0
31.1
48.2
55.1
44.3
43.9
47.4
36.9
29.1
44.5
53.7
29.6
54.6
39.9
41.3
42.3
21.9
16.6
42.0
35.8
46.2
25.9
50.4
45.3
17.5
39.7
28.5
43.9
49.6
53.4
38.0
46.3
47.0
49.7
48.5
45.0
29.6
40.2
44.5
46.2
25.1
26.9
44.3
32.2
38.6
44.0
40.5
43.3
51.2
55.4
46.1
41.0
27.4
50.9
12.5
41.9
50.7
33.7
40.7
50.0
21.8
38.4
43.2
46.3
38.5
43.1
49.3
36.0
29.6
37.6
35.9
38.4
32.7
30.3
43.9
54.0
36.6
29.1
28.1
35.0
23.3
57.4
28.7
29.8
49.6
34.9
55.9
40.2
34.3
38.3
35.9
43.4
35.6
32.6
54.6
46.3
23.8
61.1
29.5
43.0
21.5
34.3
37.1
57.4
49.0
43.3
29.2
40.7
36.1
49.1
23.9
55.0
35.4
56.8
44.6
21.4
38.3
29.4
57.3
44.9
54.8
49.2
41.4
28.9
62.3
45.5
45.3
30.3
49.6
52.8
26.2
29.1
9.7
45.3
34.4
32.2
48.4
56.1
17.8
28.5
42.7
39.8
41.5
22.1
36.2
36.2
24.0
49.2
48.3
33.5
70.6
29.3
42.9
43.0
42.9
63.6
42.2
50.6
36.2
43.2
51.1
55.0
44.8
40.9
36.4
54.0
42.8
64.2
34.2
46.8
48.9
37.7
42.1
26.6
54.2
22.3
38.1
30.2
39.7
39.3
49.8
31.8
41.6
59.9
31.8
45.3
49.7
40.7
23.4
23.8
36.2
30.7
53.8
41.8
45.1
40.2
40.0
36.7
39.9
38.7
35.4
46.8
56.5
37.4
42.4
28.4
31.2
36.0
53.2
35.9
50.7
42.4
25.3
47.3
51.3
55.5
42.1
36.4
42.4
43.1
37.5
25.8
35.3
32.8
44.1
29.7
38.1
23.3
42.1
38.2
33.7
54.0
29.8
39.0
44.5
47.0
47.6
38.5
40.4
38.7
33.4
22.3
27.6
31.2
41.0
36.4
32.4
37.9
45.7
41.9
37.0
49.0
41.9
39.6
21.9
33.6
61.5
39.0
50.1
33.4
62.8
32.4
33.9
54.8
41.3
51.1
36.6
50.0
31.5
36.3
53.0
31.1
37.7
48.1
46.7
40.1
46.4
40.9
49.3
35.7
52.3
29.4
47.3
46.9
51.9
40.8
46.7
36.7
32.6
23.5
49.6
52.1
44.0
31.7
53.9
29.3
27.5
48.4
44.4
42.6
40.5
38.6
35.1
30.6
39.9
33.4
43.5
44.5
43.2
52.4
28.5
36.5
40.6
40.5
51.8
35.1
38.9
44.7
35.0
24.5
35.3
42.5
33.2
15.7
54.5
47.2
45.4
42.4
43.6
16.1
34.0
39.2
51.9
24.6
32.5
37.8
41.4
52.6
45.4
40.3
37.9
13.4
44.9
38.1
24.6
35.9
26.6
28.9
45.7
18.5
20.7
29.4
41.4
32.6
46.1
33.7
55.3
39.0
29.4
32.2
44.5
18.8
44.5
46.2
45.8
28.4
39.1
53.8
47.5
46.3
33.6
53.9
29.4
32.3
31.7
49.8
39.0
34.1
30.7
48.2
41.3
29.6
49.5
35.5
28.8
43.4
51.7
45.4
31.3
29.8
42.3
30.0
39.4
29.7
47.9
42.9
60.8
33.2
49.6
48.8
35.2
39.9
31.8
39.5
44.8
20.0
21.3
43.6
41.8
43.3
52.7
53.7
16.8
39.8
28.5
42.7
38.8
37.6
69.7
36.5
36.2
48.7
51.3
40.3
23.0
27.5
38.8
48.3
42.5
41.1
29.1
43.3
50.1
60.6
12.0
42.5
53.0
39.7
23.5
50.6
41.8
67.3
39.4
58.0
16.5
43.8
44.0
41.4
53.4
35.2
48.2
27.7
24.5
30.3
51.2
27.9
35.9
45.7
45.0
49.1
41.0
41.5
30.4
56.4
50.0
45.4
24.3
45.8
41.2
29.2
33.3
37.9
45.9
36.7
35.2
58.3
33.0
21.3
46.2
29.0
52.8
43.4
42.6
31.2
38.9
35.1
44.0
60.7
51.4
32.7
59.1
40.9
57.6
33.5
38.0
41.0
57.4
45.4
52.1
36.9
37.2
41.7
38.2
26.0
44.5
56.2
40.2
34.3
26.8
48.0
38.7
32.2
47.9
50.9
61.1
43.3
32.5
53.0
41.0
44.6
54.2
34.9
28.4
59.5
33.9
32.6
43.6
54.3
29.9
18.3
45.2
43.1
51.5
34.2
33.9
50.1
38.6
37.0
28.0
33.9
41.4
46.4
33.6
35.2
18.4
48.0
29.4
21.1
43.3
29.0
16.8
46.1
49.3
55.9
47.3
41.9
22.0
30.8
26.6
54.6
40.1
41.3
36.1
40.0
50.4
42.1
28.9
40.9
31.7
43.2
28.7
35.6
42.6
38.1
24.5
51.6
43.8
35.9
16.8
51.2
18.9
41.0
35.0
27.0
34.1
28.8
32.7
50.6
38.1
30.4
55.8
49.1
47.7
25.2
33.6
42.3
41.9
28.9
36.0
43.9
47.9
55.3
30.9
31.1
41.8
41.1
47.5
36.2
50.7
30.2
48.1
46.2
39.3
26.0
45.7
44.4
36.7
42.4
52.5
38.7
39.3
41.6
40.2
48.3
32.1
47.2
42.8
46.0
40.2
23.0
23.7
54.8
41.5
49.6
23.1
45.6
50.3
28.4
40.8
34.8
42.2
49.3
20.4
37.6
38.3
35.7
60.9
33.5
53.4
31.7
25.8
49.2
35.2
46.2
32.5
54.2
36.8
49.1
26.9
39.5
51.1
34.5
45.8
14.9
53.8
41.8
50.5
36.2
35.9
38.5
47.9
56.7
40.3
48.9
46.9
37.8
46.0
47.3
38.0
27.3
40.4
41.8
50.4
40.5
34.3
37.0
23.0
32.1
35.1
29.3
33.1
42.9
30.7
31.2
27.6
42.9
37.1
38.9
41.0
41.9
52.4
30.3
22.4
44.9
35.8
35.3
41.8
31.9
45.2
37.7
37.4
36.0
40.2
39.0
49.8
30.0
43.7
40.0
40.2
40.2
52.3
56.1
50.1
49.6
39.4
21.1
18.0
30.6
25.7
39.2
38.3
32.6
30.1
31.3
56.5
52.7
48.4
37.9
53.9
31.7
27.5
50.0
44.6
54.0
27.3
39.9
46.2
58.6
26.3
42.6
21.4
36.5
40.1
43.5
41.3
44.5
45.7
48.4
44.7
52.4
36.3
42.4
34.1
47.2
21.3
37.3
48.1
38.9
35.7
36.5
26.9
39.4
50.9
49.6
43.6
37.5
43.1
45.0
62.7
36.5
48.2
21.1
46.5
32.4
47.6
38.3
51.1
32.4
64.7
22.4
40.7
35.8
47.0
43.7
31.7
30.4
37.5
52.0
35.3
62.8
41.0
31.8
30.0
37.6
60.5
40.0
36.6
43.8
28.5
31.7
31.6
31.0
35.0
31.0
47.7
55.6
29.4
44.6
51.1
44.3
53.7
48.2
60.1
36.6
34.5
51.6
27.3
50.5
33.5
53.3
36.5
34.4
31.1
35.6
43.9
43.1
41.1
34.8
27.2
31.3
31.1
49.5
28.1
42.9
36.7
25.6
39.2
46.3
57.2
38.2
54.3
40.1
62.4
38.8
56.0
42.5
45.0
22.3
35.5
40.4
47.7
53.6
40.4
43.7
43.5
37.3
46.6
44.2
47.3
58.4
44.3
45.7
44.6
52.5
29.8
37.3
50.3
51.6
57.2
37.5
32.9
33.5
23.0
28.9
52.9
56.6
40.3
33.5
35.8
15.4
30.2
27.1
29.1
27.3
46.3
51.6
45.4
40.2
38.5
50.9
40.0
33.6
51.6
49.2
42.1
38.8
29.5
54.4
40.5
44.4
25.4
24.2
21.6
44.6
44.9
47.6
33.4
37.9
22.3
44.0
45.7
49.1
45.3
42.3
41.1
32.6
38.9
35.0
22.9
31.5
49.5
34.2
25.5
33.1
38.1
35.8
34.7
26.7
31.7
28.0
41.0
35.0
50.4
45.5
45.0
50.0
55.7
37.7
32.5
44.0
47.6
48.4
47.9
50.1
49.9
42.4
20.0
47.5
39.2
46.7
33.6
39.6
37.9
38.3
36.9
52.8
43.4
40.1
40.6
52.1
37.6
35.8
52.4
24.1
33.4
47.4
22.5
58.8
58.6
33.7
36.8
44.9
32.1
32.3
52.3
51.5
48.7
45.7
45.2
30.3
48.2
38.2
37.8
50.5
24.8
59.5
31.6
22.1
53.1
43.8
63.1
52.7
28.9
48.2
28.0
46.5
50.1
52.6
30.4
36.2
43.3
42.3
28.2
39.9
44.0
36.3
42.0
53.6
47.5
37.1
29.9
35.6
28.3
49.7
46.4
37.8
39.8
35.0
21.3
37.6
34.3
29.5
41.5
50.4
38.9
44.6
30.8
32.5
32.9
51.1
38.3
53.0
44.8
41.5
31.1
42.6
54.7
27.9
39.4
48.1
39.7
53.2
30.2
41.4
49.4
41.6
48.5
56.8
30.1
37.2
40.9
41.0
25.8
40.7
33.1
25.6
38.9
55.0
40.2
52.5
47.5
54.9
70.0
45.4
29.7
44.1
33.5
46.5
42.5
45.5
35.7
39.0
21.4
24.2
47.3
27.8
26.9
31.0
43.2
34.4
35.7
36.1
30.7
40.0
27.5
43.2
41.2
37.7
44.6
43.7
44.9
38.2
46.9
56.8
43.6
31.2
42.8
30.5
47.0
51.4
31.3
51.8
25.2
52.3
43.2
56.9
48.8
39.9
48.2
48.3
45.0
41.1
23.8
24.3
55.8
52.3
27.7
55.5
34.2
28.7
40.4
37.8
50.5
45.6
35.8
28.7
30.5
54.4
28.9
57.6
35.3
54.4
27.4
41.9
36.8
36.9
50.0
40.8
36.3
36.5
43.1
26.5
38.8
34.2
31.5
36.2
38.3
53.1
48.7
37.1
40.0
41.4
11.8
34.6
33.8
14.6
47.2
40.5
46.6
36.0
40.9
29.2
40.3
51.2
36.6
44.3
31.8
41.2
31.5
48.7
39.8
50.8
51.5
42.7
48.6
52.2
44.5
38.6
35.3
32.8
33.6
50.7
44.9
37.5
52.6
42.6
21.8
47.2
34.7
43.4
50.2
39.2
42.5
34.3
45.1
40.7
37.6
38.5
12.8
30.0
43.7
47.8
48.9
31.4
41.1
51.3
38.8
32.9
41.3
58.8
44.5
30.6
45.1
60.5
30.3
37.7
27.1
53.8
39.9
57.0
42.5
17.6
36.7
23.5
39.6
32.3
46.9
50.7
38.1
31.4
39.4
30.8
36.0
37.0
38.8
35.2
44.9
31.8
60.1
44.0
47.8
16.3
47.9
41.9
51.1
39.8
34.7
53.4
44.7
54.6
35.6
38.3
52.7
41.8
46.8
36.6
26.1
53.8
29.4
52.9
33.8
20.1
46.8
42.1
56.0
29.4
57.0
36.4
38.9
39.3
32.2
50.2
36.7
20.4
31.9
36.2
32.7
42.5
34.8
28.3
29.1
37.2
59.1
52.9
46.4
39.7
39.5
42.7
53.4
30.3
51.7
35.0
51.1
26.4
44.5
44.3
36.2
46.1
32.8
37.4
37.6
38.9
25.4
44.2
46.4
49.9
52.7
51.9
24.6
30.4
41.4
37.4
48.3
49.5
39.3
36.4
13.0
41.2
30.8
21.9
26.8
60.5
30.6
28.4
36.1
20.2
42.8
27.1
31.6
48.6
29.2
57.2
43.7
29.5
54.1
47.3
37.5
45.7
39.3
53.4
41.4
32.3
39.6
33.3
39.4
39.3
41.6
34.1
28.1
43.8
48.7
21.8
43.3
58.5
36.8
39.7
36.7
27.5
43.2
40.3
36.6
54.4
17.0
23.1
41.2
45.6
37.3
46.6
52.4
47.0
48.1
26.5
51.4
55.7
39.7
33.8
31.0
42.9
46.3
37.4
48.2
36.0
27.6
25.9
37.7
46.7
31.6
50.2
32.5
44.8
56.4
42.1
29.8
40.4
36.7
28.9
37.7
24.0
37.6
40.7
27.7
53.3
47.5
38.2
40.2
39.9
26.4
38.0
34.1
51.7
47.3
26.6
35.0
31.6
21.1
21.3
62.3
36.2
51.2
42.2
28.1
26.3
44.6
50.2
29.8
44.8
45.2
36.6
59.4
19.9
50.2
37.9
37.5
30.9
34.5
47.1
32.8
37.5
51.2
25.8
40.6
19.9
24.2
56.5
33.4
22.4
40.4
51.6
50.3
41.9
45.4
43.1
61.8
53.0
48.7
38.2
46.6
47.5
29.4
52.4
42.3
39.0
33.2
29.1
48.5
35.2
39.1
40.4
45.2
54.3
45.8
45.4
45.8
40.3
50.5
44.0
25.1
32.8
46.2
66.7
51.4
49.5
33.2
40.0
31.5
43.1
35.4
29.4
26.6
35.8
9.3
43.9
40.0
35.1
33.8
40.7
42.4
35.8
41.0
37.7
39.7
41.8
48.9
43.8
25.2
34.3
50.9
38.0
36.9
41.4
37.7
42.6
35.3
54.8
30.5
32.2
34.2
27.6
31.6
46.3
51.2
46.1
40.3
40.2
58.2
39.2
28.6
45.5
34.9
50.6
34.7
49.7
43.0
56.1
32.0
30.8
32.0
39.7
24.5
29.1
36.0
44.7
40.1
35.9
36.8
39.4
53.8
36.5
27.1
42.4
30.2
30.9
51.0
37.6
41.4
24.3
58.9
22.6
53.2
39.2
40.4
62.4
47.5
18.5
43.3
49.2
38.1
18.7
33.7
37.6
26.4
46.7
43.9
52.7
44.7
52.7
31.2
35.1
26.3
29.2
35.6
37.6
45.3
25.2
28.4
33.0
37.7
53.4
20.2
41.7
45.5
24.8
36.8
27.4
50.3
45.7
45.3
35.3
37.2
46.2
29.2
40.1
34.6
35.5
31.6
53.0
34.4
29.6
42.8
33.3
35.7
53.8
38.9
41.0
45.4
43.0
31.2
16.7
39.1
45.1
46.0
33.3
49.8
35.8
36.0
54.7
54.8
37.6
50.8
33.8
37.1
47.3
49.8
46.2
36.9
10.7
56.1
36.9
41.1
36.9
44.4
41.1
39.4
24.5
37.5
24.0
53.0
24.9
31.2
28.5
41.9
45.6
29.5
46.5
38.4
38.5
28.0
53.8
39.9
49.0
32.4
31.3
46.4
54.0
34.3
37.2
58.5
39.4
25.8
59.1
40.6
37.5
43.8
51.7
47.9
42.8
42.1
36.3
37.9
38.6
46.1
36.8
38.0
40.9
28.8
40.5
39.6
28.5
29.8
40.0
49.1
32.0
26.5
43.5
27.6
40.5
46.7
36.4
32.4
28.4
51.2
52.4
39.9
52.8
47.4
35.9
22.8
54.8
38.3
40.2
34.9
49.4
47.9
47.6
42.4
50.7
32.9
47.7
48.2
41.7
28.6
30.3
29.5
44.7
34.6
42.3
35.7
33.5
49.7
40.0
46.0
31.6
45.4
21.0
17.8
33.9
26.1
28.7
34.0
43.6
57.4
43.8
36.0
43.0
58.4
45.8
36.6
39.8
33.0
47.2
22.1
48.5
34.8
28.7
40.2
44.5
50.5
29.6
55.2
35.9
23.2
36.1
44.2
43.2
34.7
40.5
36.8
44.1
33.0
28.1
48.0
42.4
50.3
38.4
36.1
29.1
31.9
43.7
44.0
29.7
47.5
37.5
53.9
43.9
19.7
21.7
32.4
35.8
29.1
46.7
42.3
32.3
41.0
60.5
53.5
34.5
42.8
37.3
53.6
57.2
32.4
45.4
25.0
21.9
33.1
36.6
50.9
35.1
45.5
26.9
49.9
23.9
38.6
32.2
43.4
35.7
37.2
42.2
26.9
60.8
28.4
38.5
59.0
47.1
41.1
47.6
50.8
46.2
28.0
38.6
40.9
45.7
39.9
46.9
32.0
62.3
42.3
47.4
23.5
31.7
40.1
41.3
43.4
47.9
44.2
40.5
47.5
46.7
38.2
54.2
47.8
23.5
33.8
34.5
51.4
29.7
27.6
44.7
24.9
52.6
58.3
20.6
40.4
36.3
42.0
48.0
62.9
36.9
62.7
43.9
29.9
33.3
45.9
36.6
25.1
47.7
38.5
51.1
42.5
37.0
43.0
39.9
32.9
20.5
39.3
30.6
29.9
28.6
39.3
48.1
30.9
40.5
33.9
40.1
39.7
47.3
41.2
45.1
39.1
38.9
34.2
54.8
40.6
49.8
45.7
61.3
50.1
47.4
31.4
30.5
51.4
45.4
45.0
52.0
24.0
34.1
37.4
31.8
38.2
39.4
47.6
49.1
14.2
42.5
37.2
42.5
33.8
40.0
38.1
33.7
28.9
15.8
50.1
48.0
23.8
39.1
32.7
42.0
34.0
49.1
39.1
8.0
50.3
21.7
19.7
25.4
49.8
37.7
45.2
45.9
28.6
37.7
32.9
43.4
38.0
48.5
36.2
46.6
39.4
40.1
44.1
40.5
35.2
45.7
31.0
33.4
46.3
43.4
53.7
29.3
43.5
46.6
29.8
39.3
23.4
34.0
51.6
45.6
37.4
23.9
44.0
51.6
46.2
49.4
55.7
38.5
51.7
38.2
44.6
56.6
35.4
54.1
43.4
39.4
40.0
44.4
27.0
37.5
43.5
42.6
47.7
31.9
47.1
25.7
60.6
67.5
43.6
42.8
40.2
35.2
39.5
53.3
48.3
37.3
31.8
45.1
43.2
34.8
64.4
46.7
44.1
47.2
33.8
50.3
31.3
40.7
49.4
52.3
44.6
45.2
15.7
63.2
24.8
40.8
36.7
37.8
48.7
41.5
56.8
15.8
42.6
42.8
27.7
43.9
43.2
33.3
37.8
43.1
38.3
32.6
47.4
30.4
48.8
30.3
57.4
32.7
33.0
36.6
53.1
31.0
52.6
38.8
38.2
44.4
45.5
47.4
40.4
57.4
36.8
42.4
32.2
35.9
22.3
39.1
42.4
51.1
40.6
45.7
46.2
34.1
53.5
26.5
47.3
26.8
54.8
43.6
48.7
46.1
35.0
42.3
38.9
30.4
53.1
29.7
31.7
36.1
40.6
32.8
41.9
47.7
35.1
40.3
27.3
52.4
41.3
44.8
40.8
41.6
55.4
36.1
17.2
33.7
47.6
46.9
24.6
60.4
49.1
44.2
26.8
30.1
31.3
31.9
39.0
42.6
38.2
35.7
45.8
31.0
52.7
41.9
44.8
45.0
35.4
26.7
27.5
50.2
50.9
41.4
44.1
57.4
30.8
53.5
35.4
37.9
29.8
34.7
45.0
28.4
36.1
46.3
29.5
44.3
46.1
19.3
37.7
57.4
32.3
32.4
24.1
46.7
43.2
41.0
41.8
13.5
34.6
43.7
50.3
41.8
36.6
49.5
49.4
44.4
58.5
39.4
31.6
34.3
33.4
42.5
47.7
30.3
39.5
40.6
28.9
29.4
47.8
50.5
44.7
48.0
42.8
40.0
46.8
42.5
48.6
37.6
36.8
51.4
55.3
68.2
50.6
43.4
48.5
28.1
49.8
37.1
35.9
48.7
49.9
28.2
30.7
49.8
42.6
34.5
37.4
58.2
33.5
47.3
50.7
38.4
42.0
47.7
39.8
29.8
48.5
58.1
55.7
35.2
27.3
40.1
49.9
53.6
42.5
48.3
33.7
44.7
41.1
43.2
29.3
43.6
36.0
30.3
36.3
47.3
41.3
31.7
47.0
38.3
37.5
50.1
28.4
41.3
28.1
45.1
36.5
41.8
39.8
54.9
45.5
41.4
47.2
46.1
38.0
76.6
19.2
40.3
47.1
46.3
43.9
54.6
47.5
26.2
27.5
34.7
35.1
53.6
39.0
38.0
43.2
39.7
42.3
25.8
36.1
54.5
50.2
38.0
34.1
38.6
38.8
36.9
66.8
44.3
39.7
39.2
35.3
54.4
41.6
31.6
58.6
23.9
40.0
38.9
32.9
62.4
42.7
41.8
39.4
32.9
39.3
27.9
29.6
37.6
51.0
41.9
45.6
39.4
44.8
50.9
46.9
33.1
46.2
25.4
49.4
41.2
40.4
33.2
26.1
24.5
44.8
43.1
32.2
39.6
41.0
37.4
27.1
32.1
49.7
36.4
38.1
44.4
35.2
39.7
42.5
35.0
41.3
33.1
49.3
41.8
60.4
42.2
42.0
40.9
39.5
70.5
39.9
23.8
26.5
28.5
48.9
22.2
40.6
31.4
52.6
46.2
47.8
35.1
39.1
39.0
44.1
21.2
35.1
55.3
32.7
16.9
27.1
42.8
38.9
45.1
28.2
33.6
29.7
48.1
40.2
47.0
45.5
24.5
31.7
45.6
13.0
53.2
28.2
44.7
46.9
35.9
37.7
40.7
48.8
20.3
43.9
42.3
46.6
50.1
55.7
32.5
50.8
54.4
43.4
75.4
30.7
61.4
41.2
50.9
24.0
44.0
37.5
53.6
38.4
52.4
34.7
47.9
52.9
55.1
45.9
38.5
35.1
41.0
41.5
22.3
51.9
42.7
30.3
29.1
41.5
43.3
37.7
34.0
40.3
22.4
43.0
34.4
52.9
47.5
54.8
59.3
40.2
56.9
45.7
47.5
39.8
38.2
46.6
36.6
56.6
30.3
29.6
41.1
49.3
31.6
39.7
26.1
46.5
33.0
33.5
44.9
29.7
23.4
42.4
37.0
45.9
27.3
49.2
36.1
21.7
28.8
44.6
25.1
24.3
49.6
45.2
41.2
35.7
42.4
50.8
58.8
43.6
36.2
37.1
47.5
67.9
41.1
42.3
29.0
50.8
27.2
39.7
29.5
44.5
51.1
41.1
58.7
53.5
52.4
52.9
50.3
58.2
53.0
50.0
22.0
29.3
32.7
19.0
33.7
44.6
43.9
45.1
49.0
15.9
38.8
32.4
33.3
35.5
30.5
38.1
34.8
39.7
31.3
48.9
35.5
38.8
38.9
35.8
35.2
57.7
19.8
61.7
27.7
30.6
42.7
31.1
24.3
30.9
28.8
58.2
45.4
54.7
35.7
16.6
43.1
44.3
43.7
47.7
50.2
27.9
51.4
39.9
37.0
41.0
22.5
34.3
62.4
41.6
35.0
36.5
48.3
33.6
48.5
35.3
23.6
24.4
30.8
49.1
45.4
32.7
31.9
44.6
45.2
32.8
44.4
25.6
30.5
40.7
33.8
40.2
43.2
30.3
46.4
40.3
46.4
54.3
49.5
36.0
61.0
47.1
30.1
34.5
32.6
30.3
42.7
34.9
36.5
15.9
36.2
42.4
49.9
28.7
33.1
50.3
47.8
58.7
35.4
57.4
34.6
50.8
59.1
52.1
31.6
48.6
30.5
45.1
33.7
39.5
50.1
36.1
40.6
53.6
33.5
32.6
40.8
46.2
56.2
26.5
48.1
40.2
51.2
30.5
33.7
38.5
34.4
52.3
48.0
52.0
35.4
31.8
48.8
37.9
39.7
27.2
39.5
46.2
49.8
27.9
39.5
40.4
57.0
21.3
44.0
30.0
42.2
44.3
40.2
36.1
24.2
32.9
25.5
56.0
47.9
27.7
34.6
55.3
37.1
41.2
49.6
31.2
33.4
32.1
30.7
35.5
40.6
33.2
60.5
28.7
51.0
36.1
19.8
26.2
33.4
60.5
44.8
44.0
44.1
43.5
36.8
45.8
49.3
68.9
21.7
42.9
57.7
30.7
37.4
40.6
31.3
30.8
24.3
47.8
45.7
22.5
31.6
46.7
61.4
16.6
48.0
43.5
30.4
53.2
20.6
31.2
41.4
43.9
49.1
44.0
54.3
33.6
33.4
45.7
47.3
23.0
34.6
38.0
34.9
48.0
33.9
49.6
41.3
42.4
36.2
45.1
44.5
35.9
50.0
35.2
49.4
41.5
51.4
45.8
40.0
40.7
36.5
30.4
30.4
32.9
59.5
24.7
8.8
46.4
34.3
56.5
53.8
18.8
43.9
57.4
39.4
46.9
48.9
38.4
42.8
40.7
34.5
69.4
30.0
35.1
61.0
51.2
39.4
25.9
61.9
45.0
51.3
42.3
44.8
35.9
43.3
45.6
18.8
46.3
22.2
45.6
36.7
57.3
47.0
39.8
38.2
27.1
27.1
53.5
26.3
34.5
37.1
33.8
31.7
46.6
45.8
38.1
38.8
58.0
49.2
37.1
61.0
24.6
36.1
38.3
59.4
23.8
37.9
45.5
39.4
20.4
25.8
19.1
53.6
31.3
71.8
42.1
38.8
40.2
44.0
50.2
46.2
49.0
42.6
39.8
31.1
39.8
23.9
36.0
40.5
26.1
46.3
51.4
21.8
36.3
34.0
35.6
43.2
49.7
21.2
39.0
43.9
49.9
35.0
50.1
51.3
54.4
41.8
30.7
45.6
34.6
20.2
51.9
42.5
32.8
41.2
45.6
28.0
45.8
39.0
35.4
43.5
43.4
57.3
38.4
43.9
45.8
35.9
28.7
49.3
47.8
41.3
48.6
37.9
59.0
30.6
55.6
37.6
36.0
43.7
38.8
42.2
67.5
36.2
47.8
57.6
48.0
44.8
44.0
31.2
32.9
34.6
35.3
45.9
45.1
31.0
50.1
40.2
29.3
48.5
44.4
35.2
39.0
47.0
36.2
49.3
33.1
37.2
38.5
27.3
43.0
30.0
39.7
48.1
17.8
27.2
53.9
33.0
35.8
36.9
46.3
47.1
39.6
54.8
35.4
41.2
43.5
43.1
52.7
43.0
42.8
45.1
34.4
44.9
59.4
44.3
30.0
25.7
41.3
41.8
52.5
24.3
35.9
24.9
31.2
40.7
61.3
62.5
47.1
43.5
46.4
24.8
33.5
22.4
36.8
40.9
40.0
39.6
37.8
22.6
37.2
35.5
24.8
43.2
43.4
30.5
49.4
38.6
39.1
34.9
33.3
37.4
40.6
26.7
30.0
42.3
35.6
40.6
51.6
37.4
42.3
42.5
32.0
65.9
49.6
47.8
33.3
31.1
33.4
25.1
56.9
37.6
41.7
26.2
33.9
33.1
44.7
34.6
33.9
46.2
28.7
32.4
42.1
59.2
53.6
51.0
31.8
44.9
26.1
50.1
43.8
24.4
26.7
11.4
37.9
55.5
56.2
52.6
31.5
32.2
43.3
38.8
41.8
37.0
53.6
47.3
47.7
30.3
44.6
17.3
38.7
34.8
26.9
39.0
52.9
41.3
30.3
25.8
37.8
71.6
34.1
29.7
39.2
41.1
42.9
52.5
32.1
34.6
44.9
46.7
51.8
33.7
26.1
28.9
51.0
36.3
24.7
42.5
34.1
54.1
58.2
31.6
56.8
49.7
24.4
40.6
44.2
56.2
32.1
39.9
15.3
35.4
47.5
41.3
36.1
28.4
43.8
43.5
38.0
52.3
60.9
29.1
56.6
57.0
41.9
51.5
54.1
37.2
32.1
37.4
39.0
29.6
48.5
50.0
54.5
35.1
43.2
19.1
28.6
56.8
32.9
33.9
30.7
45.0
37.7
30.8
36.6
36.3
36.8
30.2
30.6
39.3
43.8
37.6
32.0
47.0
24.6
50.0
37.1
45.8
47.7
26.9
32.5
51.9
47.4
37.5
58.7
58.4
31.7
49.0
42.2
38.3
35.2
52.0
35.7
31.6
50.0
45.6
51.9
24.3
41.8
62.8
40.1
45.6
36.6
51.7
53.9
44.4
42.7
52.9
45.9
45.7
73.6
31.6
50.9
38.6
42.5
48.5
43.2
30.7
37.0
46.5
49.2
61.7
49.2
46.6
45.7
47.0
39.4
28.0
46.8
57.8
26.7
36.5
26.1
52.1
32.6
52.9
43.9
43.3
22.9
45.8
51.2
28.1
32.2
30.4
36.3
37.2
46.2
54.8
42.0
40.0
41.0
47.4
24.0
26.1
47.8
46.4
30.4
41.2
35.8
34.8
45.2
39.6
51.7
48.5
38.8
34.9
31.8
61.3
46.2
51.9
52.5
47.4
28.9
37.6
33.9
27.5
38.4
46.1
36.4
30.1
28.5
34.6
25.4
27.5
46.4
30.0
50.8
48.1
33.8
33.4
51.4
40.6
44.4
28.2
25.5
33.1
32.1
34.6
32.7
36.2
36.7
53.2
35.2
39.0
44.0
9.7
24.6
31.7
22.4
46.2
44.5
34.9
46.6
49.9
38.2
58.8
32.4
34.4
33.1
46.6
37.0
39.3
51.7
36.0
40.0
46.4
35.8
37.2
36.6
31.1
39.2
45.3
41.6
44.9
63.9
