0110010001010101010110101110100111101100000101
0100101100110010000011101100010011101100001110
0100101110000100101000010010000100100001101111
0100111100010110010010011001101101011000000100
0100111100010100011010100101111100011111000100
0100111100011110011000101011011001000100111100
0100111100110010010000011000001001000101011011
0100111110000111110100001101110011010001111101
0100111100110100110100110011010010110110110011
0100111100010100001010110101111010011110010010
0100110010010101010100011110101010000000000000
0100110001100000101101110110111111101101111100
0110011110001001100000101000111000111010011011
0110011110000100100111011010000001100001100101
0110011001110100110011000000010010000100100001
0110011001111100101111000110100101000010110011
0110011100101000000010001001011101011101010110
0110011001011100111001010000011000111000100101
0110011100101100111001010001010110101000100111
0110011001111101110001111001110000010000110001
0110011001111101000110010010110110000110110111
0110011100101000001101111010100001101001000001
0110011001111000111101011111110010011100000001
0110011110000001011011110100110110001001011111
0110011011010000100011100110110110110111011111
0110011001111110010110011000111111101010011110
0110011001110110000000111000000100001011100001
0110011001111101011111011001010110011001101110
0100111011100011110111000010000010110100000010
0100111011001001010101011001010000100010101111
0110010001001010111011110110001111010111000110
0100111010011111101111110000100110000001111001
0110010001000101000101100101100010001110000101
0110010001000010010001101011101100101010001000
0100111011001011101100101111010111010100011110
0110010001001101001010101110001101101000101001
0100111011100011010010110001011000011001011010
0110001110001100111110011010110100011011111011
0100101100100011111111101011000101001011001001
0100110010111000001110111110100010100011110001
0100110010000111000100100111101011011000011111
0100111000001101101000000100101010011110001101
0100110010000101111000011111110100101010011101
0100011011100111110000011000001100110000110001
0110110000110110011001001001010010010101000100
0110110000100100010101011100110000001011100100
0110110000011101101010110011110011001001001110
0110011010100101110100100111100001001101000110
0110011010101100010000010110100111010101101110
0110110000000011100011001110110010100011100110
0110011010101001011101110000111010000001100111
0100101110000101001110000000010101110110111110
0100101100100011110101110111001011111100010011
0100101110000111001101100010110110000110010010
0100101110011011100110011110011001100001101001
0110011010110100011011011000110100000000000100
0100111110001010010100001001101001010101100011
0100001110111011110001101001110111010110000110
0100001110111000011101100100110111100101111100
0100001110111110100001011101001011101011011101
0110001011010110001100001010010000010100001101
0110001011011110001111010111011011111100100111
0110001100100001101011110010000100111010011000
0110001001111110010100101101101000111110110011
0100111010101111011011111111000100011101100110
0100111010111011001010011101010001100010011011
0110010000010000101101101100110111110111011001
0110010000000110011111101111011101010101100101
0110010000110010011110110111001111011110101000
0100111010011010001000010001011011000011101010
0100111010100101111011010001100011111001100101
0110010000110110011100010101110001101111010111
0110010000001111111110011000011000111100000111
0100111010101101110110101001000110111010101100
0110010000010000011011101101101001111110100000
0110010000010000011011101100111001000100011010
0110010000101100000111101010100110001010011111
0100111010111100001110001111010000111011100100
0110010000100011010110110111010111110010011100
0100111010011011101011100011011011011111110100
0110010000100111011000011011001100000011001111
0110010000001100000001100010100100000011110111
0110010010010000110111101000010100000010010010
0110100101000010101101111101011100001001001101
0110100101000000101101011010011001011100001001
0100111011011100101111010011110101011110001111
0100101100001011011111011000001100110010010110
0100100100100100101000111111011101100011101101
0110100100010101111011001010111001110010110100
0100110010111100010010000101000110100001101000
0110001110111000010010010001100110011101110100
0100111010100111010000101111111110001100110111
0100100111000011000101111110011010001010011101
0100111000110011100111000000111100000110111011
0100111010100110100010101101101100101001001111
0100111010010001100100010100110101101001010000
0100111010101101000110100101000011100000010100
0100101100101011010101110001010010100101010001
0100111010011110101010010111100110110111111110
0110001100100100011101000000001001010010000101
0110010000001101011110101100100110110011101111
0110010000000010110111010011001000110001101010
0110100100010101000110100000100111101101101110
0110100100011101111011101000111101100111011010
0110000110100101111010101010111011111111111010
0110000110101110010100101000110011011010001111
0110001100010000010001010000001101100011100110
0100111011110110011101010100011011010000001110
0100111011111100000111011111011111111111000101
0100111011111111001101001100010101010000100110
0100100101101011000010110010011100101001000010
0110000100110111111111111001110011111000101101
0100100110110111001010110100000101010011010101
0100101101110010111111000011101101000000110110
0100100101111011101001111001000010001010100100
0100111010001111101000111110111001010101001001
0110100101000000001111101110001111110101110101
0110001111011010100001001100111010010011100010
0110001111010000100100101010101100111101010000
0110001111011010010011101100111000000001001001
0110001111011000111010000010000000011111000000
0110001111010001011001110110100101111110101111
0110001111000100110000101010101101001010101101
0110001111000111001000111001101110111000010010
0110001111001110010100111101011110100010011100
0110001111001100100011001010111011010101110100
0110001111010011100011001001001111110010101101
0110001101110011001101001110111111101010101111
0110001111011001010111100100110000110001010100
0110001111010110100010011110000111101101000110
0110001111011000010010101010001101111011100111
0110001111010101010101000000010011100000101010
0110001111010010101000011010011111111001101000
0110001111011111110001111011101010110100110100
0110001111010010111001001000100000010110000100
0110001101111000111110001100011010100111000101
0110001111011010001011001101111000111001110110
0110001111010011100001110000100101010011100111
0110001101101111000110010110001100001101010010
0100111010111000011101010100110000010000000010
0110010000001101000001000101000011010011100000
0110001101111100100001100101101100010111101011
0100111010101000111011101011100011100010010010
0100111010100100111001110011111001110010000110
0100111010001101010100100010010000000000100100
0100111010101110001111101010111110110101011001
0100111010000101000110110011000000010101101111
0110010000011000000001010101100101001010111111
0110010000010011110011011011110010100111101101
0100111010110000110101011101110100011010101111
0110010000011000010010100100100000001110000010
0110010000010000111100010101011011001110010000
0110100100110111110010000101000001101101000101
0110100100011111001110100011011001110101110001
0110001111101000111001001000001110101111111001
0100110110000001110010010010110000001111111101
0110010000011011100000111111000010000010101010
0100101110000011100001010001000101000110011000
0100111011010000001111001100011111010001000000
0110010100100011110101010011110001110110011001
0110100100010100010110000110001101001011101111
0100101100100101111001101001100011010111001100
0110010000011000011100011110001101000101110010
0100100100100011010100111010111010101110100001
0110011011100011111100101001000111110110101000
0110110001000001001111011010001001011100100000
0110011010011110010100101111101010110110111111
0100111010100011010010110101001000101010100100
0110010000011010000110111011111111111101000000
0110010000010100111100000100001010010100000110
0100101110001101100001110011001011101110100110
0110100101001000100000000111010101001010110111
0100100101110011100010101100000011001000001110
0110001110111110111100110000100111110101111101
0110000100001000101000111111110110111001000100
0110000001110111000010110011111111000011000101
0110000100001011101011110110011001101101101010
0100101110100010001011001011110001100101000101
0100100110000101011000010000010001011000111101
0110011011010101111000000100010111100101011001
0100011011101011111100010100100011101011001010
0100011011100010111101100111010001000111110010
0100110001001010000110010011101110111111011110
0100110001001010100010011000111010000001001110
0100100111101000001110000010000001010101100000
0100101101000100010111000011110001001001101111
0100100101101001100101100011110010101110101100
0100100101100100100111100001011010001001011001
0100100111001110001010001000101001000100000000
0110010011111011100011101010100000011100111001
0100111010011001111110100010100011000101101110
0100111010010010100011010010111001100000110010
0110010000001011101101101010100001111111110101
0100110001100000101000111111110100100010101110
0100110000011111010000101010011110101110010000
0100110000011001110001101001001001101010111011
0100110001101000000101110101011010011000100100
0110011100100111100110010010101010011110110000
0110011100100101111011101100011111011011000001
0110001110100111010001010110011100010100110001
0110011001110000011100010011110110101001010110
0110001111101011100100010100111101011101011000
0110010011011011010000010010011110011000011100
0110100100010110110011101111011011110001111001
0110010000010010110001001110011101100000000011
0110010000011000110101110010110000010110010011
0110010000110000011011111110010101010000010011
0100100100111111100110010111100100101001111100
0100100111001011100000000001001011110111110101
0100100111100100000010000101100110110010000110
0110100100011111011101110110011010111111010101
0100101101000110101011111011100111111111001010
0100100101001010010111100101100111100001011110
0100111010100111110000001010011011111010100100
0110010000010001111000110101000011110011010001
0110010000001001010101010010000010001101101011
0100111000101101110100001000011111001000111110
0110010000100100000011110110111000110010111001
0110010000110010010110010111111000000001100101
0110010010000101011001110110001110101110001110
0110010000001101010010101000100011000010011101
0110010000010001011001100011010001010100101000
0100111010011011110011110011100110001011101100
0110010000011000000101010001110100001001001100
0100100111100100101110101001000100100110101100
0110110000011110000110101100000110001011000000
0110010000000101111101111110001001010101001000
0110001110101110101110010111101101111101111111
0110100101001010000111101010000111011010001110
0100110011111000101001001001111000111010011011
0100110011001111101001010101110100011000000100
0100110011010111001100101101100011001000101000
0100111011110010000110101111010001001100000001
0100011010110011110101001101101001000100010011
0110010000011010000000000001001111101110010101
0100101110100101000011100100111111000000111001
0100101110101111101010011111100001100101110010
0100101100110010100100001001000001001101001001
0100101100100001101000001100101001100001001101
0100101110111010000100110110100100010010101011
0100111010011001010111011100000011101111111110
0110010000001011011010111011100000101111110010
0100111010011001101010011000000011000011100111
0100111000111010111000000010001001111100111110
0110010000001011110110001011001000001000010100
0110010000111010011010011001001111000011100001
0110001011111110100101001001010110010100001010
0100101101000001110010000011110000110111010000
0110011110000001110111010110100100110010110100
0110001110101101001110110011101000001100110010
0110001110110000101101001101111011001110110000
0110001110110100000010101001100001010010100110
0110001110110010011110000010100111111001000111
0110001110110010010011010011010101010111111110
0100100110101001000101010111000111000001001011
0100111000101001011001111100100100001101111011
0110001100101000100000010001010100100111000011
0100111011110000011110110100001010011000111100
0100101101100111011011000000100100111100111100
0100100111000101101100001001001100100101101110
0100100111001101011010001010110010111110000011
0110010000001100101011111001000011010111111110
0100111010101110111101010110110001000010110110
0110110001000010000011001100101111010001000001
0110011011101010110111111011111011100111110111
0100110011000111110000100110011010101010110111
0110001110111001000111111001101010010101100000
0100011010111100100100111000011110000001101001
0100110011101011110000010111100001000010000010
0100110000111101010111111111011011110001100110
0110100101000010100011100101101010010000001001
0110100100011111000110101111011101001001110010
0110100100010011111110001000001011011101100001
0100100101110010011000000011011001100000100001
0110011110000010111010001111101010111011110100
0110011000111100011111111100011011010110001100
0110011000111100101000111010011101100001011101
0110100100110111010111100000101011011101011101
0110100100110100011001111101010011100000100010
0100100111001001011101110101010010100000001111
0100100101110001001010000111101101001110001110
0110001110101010111011100000010100011101011110
0110100101100011000000000110101100010100110111
0110001110111100110000110100010011100001101000
0100101100101111001000101001101101111110110001
0100101110101101110011110000111001101011100101
0100101100101101100101100100011001010001111100
0100101100001001100110010100011001100111001001
0100100110001101000011111100100101010110110011
0100101110101111000111010100111110101000110010
0100101100001001111111001110100111110100110001
0100100101111010010111110111000000000111000110
0100101101000111100000101101000100000111100111
0110000011110110111001110011010100010011001011
0110000110101011011111111101100011100101110101
0110000110100010111001110111010100100000111010
0110000011111100001100110000101101101000000101
0110100101001000000010001100000111011110000010
0110100100010111011110011000110100010101110110
0100011011100010111100010101010100011001100010
0100110011000010101100000100000000110010000110
0100101100101111110001010101010010001001100011
0100101100100001010010000101111011111011000011
0100100110100110001100010111011001010000011000
0100101100101011111000111010000011101111111011
0110001100100100110101011111111001011001011000
0110001100000000110001111010000110100111011000
0110001110001010111011101110111101100010011010
0110010000111001101101001111011100101101110011
0110010000010100100010001101000010101100111110
0100101001111100011010010010011001011010110001
0100101001110100111001011001111100000111110010
0110011100110000011000000001110101101010011110
0110011100100100101010101011010110011010000010
0110011100110010101100011011110001001011101000
0110011100111100110010001001111111001101011101
0110100101100010100000011100000000010001110100
0100101110000100010110011111011011000011101110
0100101100001001111001101101100000110101011110
0100101100100111101010110101001111000010100000
0100111010110010101001110101001001101101011101
0100111100100110100000001101100110101001101010
0100111100100111100011101110111110110101000101
0100110001100000100110100010110011110101110001
0100011010111111111110010100001110110000111000
0100110011100001100010010110011111011001010011
0100011110111010000110000101000011000100010010
0100110000110011101111011101001001111001010011
0100110001001010001101001001010101010011000110
0110010011010111000100010000101010000101110001
0100100110001100100011000101000010101111110000
0110010000111100100010011010010000000000010000
0110010000010101010111100010111101010010010110
0110000110100100010101110001111010100001100101
0110011110111010110111101000010010110101101010
0110110100001101010001000011101001001011011010
0110110001001000110000010110100111001011100111
0100100110100001000001100011100011001111001011
0100101110011001101010111100101011110010110100
0110001011010101111011010101010000101011001001
0110001110000110001101010110010101010100000110
0110001100101010010110101011111011010001100101
0110001100101001100011100100001101101101101010
0110001110001011001111110111111111000101011011
0100101100001110111111011110111011111111011101
0100111110000111001000110010101111000001111011
0100111010101011001111101100001110111111111001
0110010000000110100110001001010111001000100111
0110010100100010111110011110011011111001011011
0100111110100000010111100000100100100001110010
0100100110110101100101011111000011001101100101
0100011011101110001010000011000100010000100011
0100111000101011011000010010001111110001110000
0110010000000100010101111010101010101110101100
0100110111100000001001100001011110011111001001
0100111010111000001000100111100001001110010001
0100111010101111010001001010010000110001111111
0100100101101111001010000010011011011010111011
0100101101101100100011010110100111011000100110
0100100111000001110101011000001011101001111111
0100100101110010010000010100011111010111111110
0100100111100110100110100111001011001011001000
0100100101101001111111110000011110110100010010
0100101101001111111011111111001111000111010111
0100100100111111001111001100110010001100000100
0110011000101001000000000101011000010101001011
0110001101011111011010011001111101111001100100
0110000101001101111111110011011101010100100001
0100101110010011011011010100010010111111001011
0100101110001010000101110101000011100110110000
0100101100101110011001110000000111110110111010
0100101100100110100111011011011001111011100011
0100101110000100111100111101111100111000101101
0110001100101010101011010110110001010101101011
0110001100100100011010101010010001011100111011
0100001111101100110101010000110100001000100010
0100100111001111000011011101000000101100100101
0100111010100101101110110110010011110110110011
0110010000000101001000101011101000000001010110
0110010000000000110001000010111011101001000100
0100100100010101010101011110010110111110101110
0110001110001100100110000010010101010010000001
0110001110100100110011101110000000000101001010
0110001110001011001001001110011011011011001101
0110100100000110010011111101101110011001000101
0100111010101101011110110011000000110010001000
0110010000100101111000111001101100011011110001
0110010000100101111111110011000010111001111111
0100100111001100101100001110110010000000101011
0110010001010101100101111011100101100101100010
0110100100110101011010001101011101100011110000
0110100101001101000110111001100100000010101100
0100111011100001101100011001000011110001100000
0100111010011110111010111100100110110010110010
0110110000010011111011101111001111100000110000
0110100101000011000110101111000101000001100001
0110100100010100011110011011100001000000010101
0110100100011011011001000001101110001100010111
0110100101001100000000100001000110100111000011
0110100101001110001001111101001001101000111110
0110100100010111111110111111110011011111001001
0100111011000001111111010001111000000110101110
0110110001000001011111010100011000110111110111
0100101110100000100010010100011100111111111111
0100101111010011010100111111110001101100111011
0110100101000101100000111000100101100101000011
0110100100011110001010001111010010110010111101
0110110000010011101111001101001010001000100001
0110011010001110011111100101100010000100011101
0110011010110010110000010110001000001001010101
0110011010111010011010010101001001100101011010
0110011010011010111111000111010101101100011111
0100101101010000000010001001111111000011001000
0110000100011100000000110001110001111001000010
0100101110011100000110101001101010101010001100
0110000100010001111111111101000001100000110100
0100101100111001110110000110110100010101100100
0100101100101101000111111010010001110101000001
0100101100110110110110011000101011010110001011
0100101100100111110100111101101101001110001010
0100101110011110101000100001011111000101001011
0100101110110100000000111010100010100110000010
0100101111100010110101001011100110010101001011
0100101110110000110011010011110010100010100000
0100101110110101110001111110111101010101011010
0110000100010110101001011111000100100101000001
0110000111111111110110010010001100011001000111
0110011000011010100100011110010111111000011101
0110001110110110101011010001001110001001101010
0110001110111110101011000011101000100000100001
0110000111010010101100101110010111110101011111
0110000111010010000110100111011011001011111110
0110000101101011110010001111010000100000010100
0110000101001110010000101011000010111110000100
0110000111000011100010110100100000100100011010
0110100101001000001110111001001000110010011010
0110001110101101000001110011101011000110001011
0110100100000110100011001101101011010110000011
0110000100000011000111111001110110001000011000
0100101001111111001101101101100011111100111111
0100011011101010001000001101010111110011110010
0100110000011111111011010000000001100110101101
0100110000011110111000110000101001001101000100
0100110000110110101110001011111110100001110011
0100110001001101110101110111000000001010100101
0100110011001000111100101111010001110101100111
0100111010101111110001000101100001010110100001
0110100101001001001111001101001001101011010001
0110001111101011100101011110100000111010100001
0110100101001110010000111011101010011011111111
0110100100010111001111110110011001010110010101
0110000101101110101100011111100101111110001111
0110000111000000101010011001101010011111111011
0110000101111010000011111110001000111011101000
0110011110001100001001100110001110010101100001
0100101101100111100011000101111010110001000010
0110011010001011001000001111101011101101100001
0110011000110110001000110101001010100111101101
0110011000101100001110110110101111010101110101
0110011000110010111011100011011011111000100111
0110011000001101001111011011100000101001001110
0110110000011101111110010111101111110100001000
0100111110000011010101001100110001101110010010
0100111110011010010110101101111000010001000110
0100111110110110001011010111010100111011011010
0100111100011100101001010100111111011001010100
0100111100101101110001010010000111100100101100
0110100101100000011010110101001111000001011001
0110100101000000111110101011011110000000011011
0110001111101110001100001101100001011010001100
0100100101001001000100101001110100100100101110
0100100111001110000011001011110111001100100101
0100101101000100011101000110110111111001001000
0100100101111000000000001010100111001110001101
0100100101001111011101101000101111111100101100
0100100101100110110100001011101101101011011001
0100100111100110001011110001011001110001111000
0100100111001110000101000011111110010101011001
0100100111101100010010100011000101110001001010
0100100101100011000000111110000111100001001100
0100101101000100011111001001111100110100111111
0100100111000001111101101101010011011010101001
0100100111010011101000011111000011110111101000
0100100111001111001110111100101100011010110000
0100100111001011011010111100100100011011010011
0100100111000100000001000010110001010001001011
0100101101001001110001100110100000110110000100
0100100111001011011001111110011111011001111001
0100100101000100001110111111011011010010111001
0110010000110010001101000101001000110101011101
0110000100001011110100000001111011111100110000
0110000100111000111001001000001011110000010000
0110010000010000101001110000100011011001101000
0110100101001000101000001011100000000101110111
0110010001011100111101011111111001001000001001
0100111001100100001110110101111011000111011100
0100111001011010010100111001000010100000001011
0100101100100100011000101001101111101010010111
0100110010111101111010100101100111101001110000
0100110011000110010010011100001000000011110011
0110000100110100101001111101010011011100000110
0110010000000101111011010001011010101111100110
0100111010100110000000110010100100100011100110
0110010001010101011000100101001110101110111000
0110100100110111010110110011101101110110010000
0110100100110111001101010111010011100100000110
0100111011100001111101110101111110100110000100
0100101101011000100101101110110101100010100111
0100001111101100001000001010110010111101001000
0110010001010000011001100001001011001111101101
0110001110000000000001000001011110011011100100
0110100101001000100100111011111111101111010101
0110100101001100110001010000001011101001010110
0110100100011011000101101110111000001111110100
0110100101001000100011100101100001001011110010
0110100101001011100110000111001010011110011001
0100101101000010000110000101101011110010001011
0110011110101110110011111001101111011111000110
0110110000100010110110010000101001111101010011
0110011010011101111011111100100110110010101011
0110011011100010101001001101011011101110010001
0110001110101100010011111001000001100000000011
0110011111001010001101111101111011101100101000
0110011011101010011001101101100110101011001001
0110000101010100111110000000100101000110111001
0110100100011100010010110101011010001001111111
0110001110100111011110000100100000001001011011
0100111011100001000000011110101010101001000110
0110010001000101000010111010110011010111101101
0110010100000010110001011000010011101011011100
0110010100000000111011111110000111110001100010
0100101100001001101110101000000000001000010111
0110100001010100110001011111001011001101010000
0110100001010100110010001000010110101101010011
0110000100101101010011101111110110101111110011
0100101110010010001000101001100110101110110011
0110010100001100010100010001011000100001000011
0110100100110111111010100101011110010010111100
0110100101001000001100110011101110100001100100
0110100100010101010000101101100011110101111010
0110001111101010010110011110101001000011101100
0110100101000000111010100101011100000100001010
0110100100010101001000010100001100001001001101
0100111000100110111100000011111010100011101110
0100111010100100100110011110011111000011111111
0100101011011101011000111000011011000111010110
0100101110101000010100000001100110101101000100
0110100101100101110000001010010010101011101010
0110001011111110010100010011011100011000010111
0100100111100001110100110000110000110110100111
0110011011101001110101100000010010000000100001
0110110001000011000101010000110100010010101011
0110011011101011000011110111010011001011011110
0110001100100011011000010000110100010001001101
0110011000101111100111101001100101001111101101
0110100101000011111101101100010000100110000100
0110010001000110110010001101100100010101010001
0110010001100011000000010110011100000110001000
0100111011100001010100111011110011010100100110
0110010000010000000000000101110101010000100101
0100111010001100001110000001010101111101110010
0100111010100100111101110101111110110011011100
0100111010001111110001000101110010111010101110
0110010000000011110011011100010100100101110110
0100111010111100000101010100001001111010111010
0110001001111110000100110110111011010001001110
0110001011110110011101010111001011001101000010
0110001011111101010110010111000101100101111111
0110011011101011101011101001011000011111111110
0110011110101000110101100100101111011111100010
0100111001010110101001001000001001110011100000
0100111001011011100001010010011111100011001110
0110000101101110001010011101111011101101000100
0110000101010010111100110011100110011100000111
0110000111000101100100100100111101101101010110
0110000111001010001101100010110010100001000001
0110000111010100010110010010100110111011011101
0110000101100101001111001011101101100010110101
0110000111001111101011010010011001001001000100
0110000111100100100000000111011101110111011101
0110000111001111111110101000100101111011000001
0100101110100010101010000010110000110010100001
0100100100101001001001011100100010111011101100
0100100110111101111001100110011010011100010000
0100100111100011100011000101000110001011111100
0100100111101100010000011101000010111000110000
0100111010111101010001000011011111000100000000
0110010001000000101101110010010111101110000010
0110010001000001001110100111010110010101110000
0100111011000000011100010101100001010111000000
0100111011100011011101100101110001011111111101
0110001011011111011110011010010111000010010010
0110001011010100111100010100100111110101011110
0110001011011101010111011111000011101100110101
0110001011110111001100011000001011100010111011
0110001011011101101110111100100011010001101101
0110010000010000110010111100110000100111011111
0110011011100010011010100101011010011111100111
0110011001110010000111001110010111101000110011
0110011001101110010110100010010000011101000011
0110011001110001100100010011011000101011001011
0110011001100111100011001111101100100100100000
0110011001101100100011111111011111001111100101
0110011001111000001010010100110000000000111000
0110011011000101011111110000101001110010111111
0110011001011100000001111010110011111100111110
0110011001100111111110110000101100011111111111
0110011001110001110110011010010000111010111010
0110011011001100110001111001110111011101001000
0110010001111101111001010110011101011111100111
0100111011111111000100011010011111010101100110
0100111110101001001100001000000110000001101101
0110010001010100001001110101010100111001000101
0110001110101000001010110111110001101000111011
0100101110001011111010011111001001110000101110
0100111011011010111101001111111010110110111011
0100111011100100101000001101001111010110110101
0110011110001010100010111100100000000100100011
0110011011110111010001101010110001100110000100
0110011110100010011100010100101011010110100001
0110011110101011011000011000001101110000110111
0100111010101110000000110010100111100100110010
0110110000010101000000000101100011000011110000
0100101100001111110001010111010101100101111000
0100111011110011010100101000100111011101001000
0100111001111011100101111011011101010110101110
0100111110100000100000100101100111000001100111
0110010001011110001111100011001100010111111001
0100111011111100110110001010111100110001111010
0100111110001010011000101100001110111000001110
0100111111000000110110011100011101000001010111
0100111101001000001001111000111010000100000001
0100110110111100101000101110111111010000100100
0100111101001010011100001010000010111010101001
0110011010111111110101110011000110110001101001
0110011011101010101010111100110101010110001100
0110110001000100010100001001010100001011111000
0110011010111111000111011110111011101100010010
0100110010011101001110000111100111110010111100
0100110000110110000110011001010101110011110101
0100101100100110110000111100010010100001110111
0100101100100101001000001001011010010010111011
0100101110101001110100110000110011001011110001
0100101100000100010110101011100100000010111101
0100101110001011101101010010001001000111111001
0100101100100110001000011101011111110011110001
0100100110101101011100110110110011110110000000
0100101100001110000011100110000100000100010000
0100101100101101000100001110001100101000111110
0100101100001010111110101101111000110111000011
0100101100000001101110000001111010111101100110
0100101110001111110101000101001110001010101110
0100101100010000011110110011111011101000000001
0100101100101101001100011001010100010010101010
0100101110000100011111011101110001000010001100
0110011100101010100100110011110100111100000000
0110011110000000011011101010110111110010010011
0110011001111010101001111111100010111010111011
0110011001110111001111001000111100011101100101
0100100101011000011000100111011001001000001110
0100100111101011001000100101110110111110010011
0100100111101110010111100111001110110000001000
0100111011000110010100010011000010110101010000
0100111011000001001001001011010001111001011001
0110010001000100101100110001101011000000101100
0100111011100110011111111100110100001010010110
0100111011101100001001101011000010001001100010
0110010000110111000100010111000010110000110010
0110001011010101010010101001110011110010000101
0110001011110101101010011100111011000101111110
0100111010100001101001001100001010100011000110
0100011010111001100011101011010001110111011010
0110011100111000100000011010101011111101011001
0110011100100111010111110011110000101000110011
0110011100001111110000100110001001100110100111
0110011100110000101010101010111101011101101101
0100011011110110000011101110000010000110010111
0110001011010101101111111110011101101110011010
0100110000011110111011101000101001000010100110
0110110000011000010101100111010000111011110111
0110110000111011110101101011111100111100001000
0110110000000011101111011110110000111011101100
0100100110001111111100001010100001011110101111
0100101110000111010101001000000111001011110100
0100101100101101001100001110001011111000010100
0100101110100110010001010101000101100110000111
0100101110001111100111110000110100001001101010
0100101110000101100011010001101111100110010101
0100101110100100100001010111100011000010000100
0100100110101111101010001110100111010001000110
0100101110110100000111011010100101011010100101
0100101110010000101001101101011011111101100101
0100101100101110010101001011000101001011011111
0100101100001000000110010101000000000000111111
0100111010101101001010010001011010010110110011
0110011011101000111000110101001110101110110011
0110110000011100001000001010001011000001001100
0110011011101010001010001100111010100100101111
0110011010111110100100111011100101011100110000
0110011010110100001110101010010001000010110101
0110011010011111001001010010001001011111010110
0110011010111111100001000101000000001100001110
0110011010111110101010100101110111111010010110
0110011010111101111101110110101100110110011101
0110011010111100011001100111110100001000000001
0110110001000110011001000100111011011000000101
0110011011101000000110101110100001010100100111
0110010110001101101110101101100000001100000010
0110010011011011000100001000111101110111111110
0110010110001000001011011001000000111001010100
0110010011110110111010111101010101001001001101
0110010110000010101010000011011100011101000000
0110010011010100110111000110110011101100111001
0110010100101100011100110010110111110000110011
0110010110000000111000010100101010010000101001
0110110001000010001010011111110000111100100011
0110001100101010100011010010111001111110110010
0110001100101010100000001111101010110111100001
0110001001111111100110100110010111100010111100
0100110010101100010011011101100000111101000010
0110010000010000000011010000101100010011000111
0110010000010000101100100001011110001000111001
0110010000010110011011000101110100101011100000
0100111010101001010100010111100000011001001000
0100111010111110000000000000101011111101000000
0100111010111011010010010000010011011110110001
0110010000010010001100000011010110011111111001
0110010000010010000111111001011000000100101010
0100111010111010001110000110001100101010110111
0100111010110110110101001000010111111100010110
0100111010100100001100011000110110111100111011
0110010000100001111010001011111100011101110110
0110010001010011011010110000010101111100101010
0100111011111111001100011000011101111010101111
0110010001010101100100000100101011011110101011
0110100100010110100110001011101000010001000010
0110100101100101100100111001011011110011010100
0100100110111010011011001000000101100000110100
0100110001101011101101011011101110001110000101
0110001110010000100111011101110011010001010100
0110001110111100001110010001011001011001100100
0110001110111000101000100011010100011101000000
0110001110100111001110000100100010001001011010
0110001110011001001000100011111110010101101011
0110010011111100001111010010000001110001010010
0100101110001011111101101001011101010001011100
0100101100000010100100111001110111111000101001
0110010000101110100001011111110000001010010110
0100111000111000111001011101000101100011011100
0100001111101011110111010010110100011001001100
0100100111001100100010000001110011001000011001
0100100101001001000101011000110011011000110100
0100101110011010110111100000110001111010001111
0100101100101001110011011100111001110110111111
0100101100100100110010111001001011000101110111
0100101100101110100100001010101000000011010010
0100101100010001100000110110110100010011011111
0100101100101101000110100000110001010010110111
0100101100000010101111110010000011101011100000
0100101100001010110110001001110001011000000110
0100101110011010010010000111001011100011110010
0100101100001111101011110101101100000101110000
0110001100000110101011000111111100001010001101
0110100100010101110001000011000110110100000100
0110100101001011010000000000011100101001101110
0110001100110100101001011100010111111000100100
0110001011011100110101100111111001100101111011
0100101101000110100001011000110010101110011100
0100101111000100011101100011001110001100101110
0100100111100110011010011111010111110001000111
0100100111001001111001010110010110111011111111
0100100111001011110100110110001100001100110110
0100100111101100001000110000101001101100001010
0110001111101000000001011111110100000101001010
0110100100110100111100001010000010101100111011
0110001111010010011100001100011011110011111000
0110001101111000011001110100010101011001001111
0110001111110001000111110010111110111010111010
0110001111010111011100001010000100111111100000
0110001101100111111101101101001010110100111010
0110001111110111000011010101111110100000001011
0110001111010111001101000111110001001000010011
0110001111011001110011000000101101001110111111
0110010000110100011101111101011001010110101110
0100111010011011000000111110011010001001000000
0100111010000110010011011101110110000110100110
0100111010100101100101000100011010000111011000
0110010110001010001001101110110100101010001111
0110000100110011000010100110111001111100100010
0110001100111100000010100000000011011001001111
0110100100110110011010000110001000110111000001
0110110001000100101011010110100111110000111111
0110011011101101100000110011001101011110100011
0110110001001011110110110001000101100100111111
0110110000010100111001110110001000011000111000
0110011011101000111101011011110100111001011101
0110010000101110010001110000000001011111011110
0100111010111010111001001011110000101100100110
0100111010001100111110110101010000111001011001
0110010000001001001011011110011010110010000111
0110010000011001100111100101011000110100010111
0100111010010100101010011111110111010010111101
0110010000010000111000011000000100110110111010
0110010000011011101111001100100000010001011011
0110100100110101110000101111010001010011100011
0100101100101111000100110011110011011101100010
0100101100101100100100000111000101111001000110
0110010000011001101101000011011100000011010100
0110010000011001100011010011010000010111110011
0110010000110000111101011010111010000110001011
0110100101001010110001100010001001111001111101
0110100101100011011000100101101000010000100100
0110000100000010100110000101001100000000111110
0110000001110101010101101101000011110001111000
0100100111001101101101110000111101111010110111
0100100101101110111001110111110000011111010111
0100001111100011011000011111001000111001101011
0100100101100010001111101101010110000100100000
0110011011101100111100111011111110011111100110
0110001110000101100111000000011001011011011110
0110100101100001011011011001011010011010110101
0110100100010100100100111000101101011101001011
0110100101100000001110000000101100101110010001
0110100100011101110011010010010100101000000010
0100101110000111011101000111110001000011000100
0100111000100001100101100110001111111110010010
0100101110110101110010110111101110111001011101
0100101100011110001011111111010101101010000100
0100100111100111100110010101100101001011010101
0100101100100110010011010111011001010100010111
0110001110111111100111010000000101101000010100
0110001111100011001011001111111101011001100000
0110011110010000000000011110111110010100000000
0110011100010011010011000111110101010011000100
0110011100100111011100101000001110100111101110
0110011100001000110100101001101010110111110111
0110011110000110110100001011100010011011001101
0110100100011110000001010110101101010100010100
0110011100101000010001001011000001010100101000
0110000001010101110011111000000101100010100000
0100101110101010001000011111001100001101100110
0110011001111111011011101101010111111100010111
0100101101100000001100110111111000101010101011
0100100111001101111111101101111110000111111110
0100100111100110001011000011001101110110011111
0100100100111111001011010111111000000111101101
0100110011000010010100000001100101100001101011
0100110011000100000111101001111101101111001100
0100111001000000110101000000111101011001111111
0100011010111001001010000001000010101100101010
0100100101100100110001111001101111110000011000
0100100111011010110100010101110100010110111011
0110010000100101100110001101111000000110101001
0110010000010000100000010011111101110100100111
0110010000010001001000010100101001111101101110
0110001011110101001111101010000011110010110001
0110001110101010001010101111011101011000111101
0110001011111100000100111110011110001010110000
0110001110001010011000001100011111100101000010
0100110011000011100100011000100110110110001001
0110011100000101000100101101010101010000010000
0110011000111001010111111100011001010001001001
0110011010010010101100110011011100100001101010
0100101110010000110011101000100011011011100000
0100101110010010000111111111100001000101010000
0110001011111111011101111010011101101101001011
0110001100110001001100010101100101011000010000
0110011100101000111000001101100000101100101000
0110100100010011000011000101101001100011001010
0100111011110100001100101110101000011110010110
0100100111010000111000011101110101111111010000
0100111010001101000100001000011000001111001010
0100100101100101010101010010101110010100010010
0100101101000001100010111011101011111011011011
0100101100010101101110000111111100111011110001
0110010000100011000011101111001000111111100001
0110010010001100101110101001011101100100011010
0110010010001110100101111111011001110101010110
0100111010101001100111111110011110010110110011
0110100100011111110110001101001000011001101111
0110100101101001100001001101101010010101101101
0100100111001110000010001110100001110010011101
0100101111000001101011010111000011010110110011
0100100111010010101011111011010011010110000101
0100111010111111011100010111111010111101001011
0110010000011001111001101111001011010111100100
0110010000100111111111001010111101111110111111
0100111010101100100101110000011111000001011011
0110010000010000111100001111001101111001101110
0110010000111000010001001110000111010001010001
0100111010100011110010110111010100001101101001
0100111000111010101011000110111011111101101000
0100111010000011011111001011010101100001110111
0110010000011100110010000110111011110111111110
0100111010001111001100010110010100110011000000
0110010000110010110111010110111100111001101110
0100111010000001111100110011011110100010100100
0100111010110111001110000001100100000001111011
0110010000001100010101001111110110101011001111
0100111000111000010011100011101101101101000110
0110010000010011110110100101110000110001001110
0110100100110101100101001011000100101110011101
0110100101001000010001010111000100011000101000
0110100101001000010010100011100010101001111100
0110100101101001010011010101000101111111000001
0110100101001010001000110100001101100101010101
0110100101100011001011000011010110010101100110
0110001110111111111110010100010001110011010001
0100111010101110010110010010101110111101000000
0110001110001010100111100001110100110011110110
0110001110001011001111110001011011000000011110
0110001100011010110101111111010010111111111100
0110001100101111001001100110001100101011011111
0110001100101111110000000100100000110100100010
0110001110001101110000111010000000000001001111
0110100101000110110010110000111111011111100010
0100110011110011001001001110010000000011110001
0100111001010111100011110010101100111111110010
0100111011010110111000111010100011010000110011
0100011011111000111010010001100011000010101110
0110100101001110101011101110110011010110001011
0100111000100111100110000111110011101011111001
0100111011111111100001100010011100100011011111
0100110010011001011000001010110010001111100000
0100101110100100100010001111101001110000010100
0100101110000100011000000111101111011001000001
0100101110000100001101101101100101000101100010
0110000100000111010100000011101111101111011110
0100101110010001100011111010101010001001101110
0100101100101100100011111111100101001011110011
0100101110000111001101101110000011110101110100
0100101100000111001100100011100000011000101010
0100100110101001000101101101111110111100101001
0100101110010001111110010001001000101111001001
0100101100100110011100110010000110101001001010
0100101110101011110101101000010010100011100100
0100111010111010100101101111010110100101001110
0100111010000100001100100001010101011101110001
0110010000011001110101110101100011110110000100
0100111010111011010100001100100011101000111111
0100111010101111011001101000111000000000111011
0100111010001101010101100000000111111010001110
0110001110001000011010101110100111100100010011
0100111010111011001011011101101100111011101111
0100111010111011011000110100010111100101001101
0110010000001110111101010011101100000100100111
0110010000000100010111011010000001011000110011
0100111010101101001111001110111100011100111100
0110010000100101101011111001100010000110100011
0110010000000011010100011011010111100110010100
0100111010100111101001000000100001011000011110
0100111000111001001011010101100110010100111101
0100100111100110001100001111110000011111111010
0110100101011100111010100010101000101001001011
0110100101110011010111010000010001000011000110
0110001110001111101100111010001000010111011111
0100100101001101111000111001110001011100100011
0110110000011111000011100001101010100001001000
0110011011100110101000110110100010101011011000
0100111010111010101011101010011111011010000100
0110001100101010100010011010110101001110010000
0110001011010111110010000110001111110100000010
0110100101100100000000101100000110101000111101
0100110011011110100011110110110101000111010010
0100100111100110110000001110101011110100100011
0100101101001011111001100101010000100010101110
0100100111100110001110010011010001011011110111
0100101101001110001101110101111111010100011001
0100011011111111101011101011010101100100000001
0110010000011001000000001100011100111100101000
0100101100000100110110010111010100110100011001
0100101100101000110010101110100101100101100110
0110110100010001111010110100000110100010111101
0100111010111001000001101110101001011100001101
0100111010100000100111011000100110100111001001
0110010000010111000010001111000000001011000111
0100111010101111111011011001001100001001100001
0110001110101100111010000010100110011001100111
0100101011111111111011010101001110001010100001
0100110001101000100000000001111100010111001011
0100011011101000000101001111100100110100110011
0100011010110111110100010011101101001001101110
0110010000101000110011101010100000100111010000
0110010000000011101010111000111110101001110001
0100101101001110101100011100010010101000101001
0100101101000101100101110001110110110001010100
0110100100011101110111011111000001100000000101
0110100100110111111100101010010010011101011100
0110100101000001110010101011101111110101010110
0110011001111101100110000110100001111010011011
0100110011000001001111011001000011001011001101
0110100101100000110000011111011000101010000111
0100100111000111111110101110010100010111101010
0100101101001011001001110101011001011111110010
0110011011100001110101001110001100011011001000
0110110001000010110110100000011110001111101000
0110001110100111101100010100001000001011011000
0100110001101000111010100001110110100101000101
0100110001001000100101100010101011001010010001
0110010000010111000000000001011001010110010011
